../output/10000_selection_sort.txt
247

462
2042
4746
9395
9436
10714
10786
12984
14216
16437
19842
21022
21794
22278
22498
25028
25785
27210
28381
30537
32522
33436
34503
35512
35888
36708
36821
36823
40677
41427
41690
43639
44863
47326
47719
49340
49484
50328
52116
52840
57749
58313
59647
59665
59984
60516
61989
64163
64220
66407
67169
68096
68901
69166
69171
70492
70594
70854
73193
73572
73962
77081
78238
80344
89708
92482
93334
93494
95574
97271
107465
109299
112383
116529
116586
118457
126679
127088
127476
128054
129743
130136
134238
134845
135198
137049
137778
144768
145235
149729
150759
158916
160725
160913
161834
163505
165042
165600
173464
174448
174772
175202
176013
181141
183930
184784
186255
187907
194044
196221
196835
198715
198997
201474
201727
201791
203361
203740
204843
215851
216394
219070
219252
220121
223155
223415
224891
227912
228406
231574
231936
236796
237884
241012
242793
243072
244581
244608
244967
246878
248416
249588
249896
251046
251060
254783
256274
256861
259263
261502
261902
266783
268509
268855
269676
270381
270745
272243
272947
273705
274646
275374
277535
277632
278182
279478
279837
280174
280857
284093
284698
287006
288408
289975
290874
291772
293738
294126
294469
297926
298927
299790
300144
300711
301565
302759
302876
303955
304554
304780
308396
311774
314272
319355
319788
321022
332124
335548
337939
339441
339661
340394
340604
345046
345477
348148
349980
352097
354248
354979
355592
356772
357460
359789
360867
361073
363427
369793
370643
370713
372222
372333
373326
374345
379128
380993
381185
382824
385373
386362
389407
389990
390715
391751
394260
394555
400975
401075
402532
403677
407519
410010
411660
412416
415459
415842
416103
419168
421012
421149
422094
426210
427267
430721
430758
431270
432918
434046
434758
435868
436709
438449
438808
439295
441719
442377
442609
445975
446646
446876
448138
448143
449474
455333
455921
456327
462209
467129
467738
467786
468559
468583
471334
471375
472448
482199
486241
486677
490412
490433
492162
493277
497607
498061
498341
501005
501873
502299
502634
502641
504292
504667
505357
506685
512871
517691
518286
519137
519540
528032
528427
529099
535917
536989
538917
539865
541669
544762
545363
550511
551988
552415
552599
553431
554832
556199
557276
558515
560819
567244
567620
569533
572052
572127
573096
574996
577582
580380
582253
586251
586602
587999
589298
592484
593105
598503
598553
598673
601169
604297
605606
606430
606624
607201
607768
609910
620363
623781
624768
633072
635455
635480
638999
642736
644207
645334
646886
647275
648692
648783
649592
650165
653233
655501
658093
658337
658520
660388
660717
664551
669011
675749
675933
677789
680336
681787
683977
686569
686630
686828
689020
689761
689873
689888
690198
695811
700099
701352
702287
705501
705643
708348
709458
710000
712496
712647
714761
716075
719270
722066
723152
724794
725095
725811
725856
726779
728402
729362
729419
731646
732518
733250
733313
734420
736345
737231
737338
739030
740103
740747
741768
741956
743946
746784
747949
748331
751262
752860
757062
757657
758710
758843
759306
760203
760493
760962
768245
768781
771580
772637
773919
776732
776756
778207
778840
782910
785571
788219
788221
792667
794620
797421
798838
798980
799212
800063
800197
800300
801750
802573
803871
804182
805919
805993
806014
806168
806354
808082
808270
808783
808824
809431
810082
811385
813322
813637
815161
817240
820581
820736
825666
827255
829025
835031
840356
841955
844334
844824
845157
845509
849415
851510
852098
853119
853593
855298
859553
867035
867297
867717
871975
874525
874789
875228
876759
878009
882421
885430
888899
889540
896327
904202
905826
906630
908152
909257
911256
914795
919219
920094
920308
924328
924654
924842
924965
925422
925478
929161
930705
931326
933048
933744
933975
934725
935226
936698
938932
938954
939259
942343
944928
947318
953336
953877
955479
955688
955744
956402
956536
957875
960786
964735
965674
967470
968716
969815
972109
972448
972848
974700
975510
976712
978528
979263
981716
985554
985931
986818
987094
988884
991215
994059
994242
994730
996338
996817
997769
998211
1002771
1005004
1007831
1008413
1011161
1015406
1015615
1019863
1020165
1021248
1021813
1028974
1029281
1034724
1035348
1040008
1044230
1044252
1044736
1045143
1045315
1045689
1045891
1047850
1048606
1048913
1050736
1051410
1051638
1051803
1052354
1059351
1060386
1061101
1061865
1063802
1066104
1066628
1066820
1068208
1068917
1069994
1070032
1070563
1071202
1071796
1075096
1075984
1076297
1078292
1078769
1081265
1084040
1084283
1084617
1088248
1089732
1093060
1096525
1097154
1097210
1097439
1098329
1100625
1102643
1103134
1103309
1107836
1107930
1109152
1109884
1111225
1112099
1112446
1118816
1119783
1122025
1123673
1124062
1124953
1125633
1128906
1128907
1130085
1130388
1133201
1135811
1137052
1143451
1145653
1151977
1153546
1153701
1156446
1157414
1160160
1160643
1160779
1160938
1163996
1167817
1168278
1170408
1174135
1175696
1177029
1180196
1182043
1182448
1182746
1186096
1186970
1187117
1187647
1189030
1190698
1191931
1193890
1196067
1196886
1200959
1203227
1213164
1215647
1216481
1219190
1220246
1221217
1221273
1223462
1225577
1225672
1226477
1227993
1228484
1230763
1230853
1232450
1233510
1234177
1236856
1237899
1240768
1240775
1242281
1242979
1247530
1247657
1251946
1252290
1252567
1252822
1253340
1255700
1255829
1257370
1261804
1262519
1263368
1265574
1271042
1272418
1272947
1273102
1275387
1275780
1275952
1276589
1279704
1283117
1284081
1284094
1287013
1291486
1295917
1297075
1299851
1301938
1307507
1308684
1309016
1310417
1313100
1313789
1319723
1322750
1328737
1332533
1333940
1335823
1336311
1341081
1341819
1342566
1349874
1350001
1352616
1356034
1358611
1359403
1359740
1361284
1363950
1364856
1366665
1366960
1367802
1375770
1377901
1377967
1380180
1382877
1382994
1384354
1385280
1388239
1388316
1388852
1389566
1390020
1395369
1396660
1397308
1406404
1406718
1406752
1407322
1410014
1412491
1416985
1417103
1418767
1422063
1422808
1426455
1428042
1429297
1429809
1431073
1431932
1431995
1432683
1432698
1434657
1435069
1437101
1437815
1438946
1441013
1442004
1442054
1442700
1443718
1447937
1448562
1448974
1450510
1451092
1451990
1452614
1453817
1454396
1454752
1455911
1458340
1460654
1461555
1467409
1471151
1471651
1473366
1473466
1476828
1477403
1480643
1482066
1485434
1485685
1487923
1489777
1490048
1493229
1494455
1495638
1497457
1498690
1500844
1503404
1505327
1506821
1509759
1510390
1512221
1513121
1515259
1519090
1521172
1521913
1521991
1524449
1526808
1526974
1528401
1528629
1528828
1529572
1530424
1531556
1533638
1537824
1538851
1539686
1542264
1542434
1542604
1542609
1544434
1545744
1546145
1546300
1548129
1548525
1548750
1548922
1551746
1552671
1554453
1554894
1556246
1557678
1561650
1562710
1563026
1563394
1567379
1568557
1568686
1568706
1569508
1573949
1574362
1578679
1579560
1582257
1583499
1584383
1588304
1588359
1588680
1590489
1591138
1593129
1594364
1595377
1595973
1598306
1598376
1598739
1598857
1599305
1600527
1600882
1609359
1609850
1610187
1610311
1612614
1613050
1617777
1618748
1619073
1620185
1620448
1620647
1621060
1621610
1623470
1623697
1623733
1627335
1627677
1628778
1628977
1630655
1631973
1632077
1632686
1633306
1633970
1634589
1638957
1643620
1645011
1646010
1646437
1650246
1651234
1654795
1656235
1658295
1659403
1659929
1661168
1665365
1665701
1666016
1668048
1670112
1670166
1670686
1671014
1671792
1675624
1678997
1682504
1684082
1685089
1686102
1686658
1688089
1688233
1689561
1689974
1693217
1696932
1697195
1698217
1703617
1708411
1710173
1710323
1712791
1714854
1718404
1719953
1722253
1722410
1724493
1728288
1728337
1733717
1734393
1737012
1737310
1737584
1739426
1740256
1742661
1742793
1743186
1743994
1748800
1749784
1750707
1750937
1750964
1751260
1754217
1756211
1758981
1759616
1760793
1767261
1770272
1770433
1774092
1775413
1776448
1778272
1778584
1782495
1782587
1784390
1787545
1788038
1790007
1790097
1790405
1791296
1792336
1794274
1795154
1795188
1795239
1795604
1796731
1798574
1810853
1811506
1811799
1811951
1813244
1813535
1813686
1814170
1814752
1817188
1819417
1819446
1820912
1822981
1823041
1826228
1834913
1837880
1841504
1843646
1845737
1846210
1846417
1846621
1848804
1849334
1852534
1860492
1863348
1863598
1867327
1867369
1868237
1869883
1872217
1873865
1880736
1881570
1883401
1885376
1889895
1892219
1896827
1899956
1900858
1902526
1902529
1906768
1908492
1909360
1909477
1910180
1914533
1915143
1915581
1922718
1928133
1933904
1937592
1946742
1951341
1951583
1952433
1953014
1953057
1954311
1955232
1960714
1961487
1962042
1962109
1962720
1966212
1968151
1978981
1979390
1980641
1981016
1983147
1983552
1983678
1984877
1987077
1987479
1988357
1990352
1990627
1993821
1994326
1995455
1996630
1996642
1996663
1997891
1998149
1999048
2000034
2004125
2010177
2014449
2016652
2016830
2019062
2021877
2022156
2022239
2024428
2027693
2028514
2028637
2031005
2032082
2036623
2036680
2036985
2037996
2038305
2038405
2040073
2040502
2041136
2042606
2043868
2048810
2051114
2052253
2052988
2056392
2060144
2063995
2065912
2069472
2071373
2072133
2072626
2074966
2075431
2080688
2082550
2083050
2083102
2083928
2086447
2086754
2086792
2089597
2089627
2089941
2091247
2094354
2096314
2100014
2100873
2101322
2104023
2109408
2110137
2110288
2111222
2113851
2115461
2115549
2116046
2118968
2119260
2119853
2120081
2120941
2121727
2122057
2123453
2125041
2125185
2126267
2131132
2136329
2139466
2140966
2143575
2143724
2146795
2149157
2149192
2151650
2152306
2155541
2156423
2159024
2159270
2159612
2161724
2162050
2162228
2163582
2164577
2165600
2165659
2166776
2169398
2171306
2173328
2173606
2173792
2174611
2174927
2176599
2176667
2178274
2180648
2182423
2182930
2183759
2184834
2185128
2185138
2187457
2187678
2188526
2188940
2190656
2190803
2192153
2192322
2195556
2196005
2198590
2201535
2206660
2208603
2209860
2210438
2214290
2217736
2218606
2219419
2221901
2222400
2227141
2229835
2232249
2233091
2234633
2239227
2240909
2242508
2252439
2252722
2255244
2258862
2260688
2262422
2265650
2265953
2266811
2266952
2267211
2267776
2268703
2269882
2271311
2273465
2274728
2278987
2281575
2283450
2285252
2286234
2286246
2286698
2289584
2290188
2292905
2295217
2295956
2298823
2299739
2299790
2300070
2300302
2303038
2303398
2303554
2305743
2305790
2306322
2308545
2308609
2309824
2310238
2310455
2312909
2312942
2313031
2314215
2316264
2317814
2324155
2324594
2326975
2328394
2329306
2331897
2332712
2333179
2333237
2340411
2341366
2342099
2343455
2344015
2345320
2345931
2346953
2348401
2352346
2352921
2358342
2361231
2363119
2363824
2363960
2364449
2364891
2369742
2370450
2370783
2370980
2371477
2372146
2374583
2374666
2374790
2376158
2378580
2379058
2379124
2380517
2380836
2381307
2388101
2393018
2393340
2395544
2404960
2408063
2411077
2411888
2412741
2414617
2415687
2416739
2419417
2420030
2422748
2423961
2426559
2427275
2427468
2428241
2429807
2430527
2431562
2436088
2438656
2440269
2440304
2441716
2443701
2443993
2444226
2446956
2447244
2451820
2452074
2453551
2454511
2454713
2456214
2461009
2461845
2461941
2465243
2466518
2466559
2467374
2468586
2468738
2471367
2472076
2472396
2476764
2478634
2482142
2482408
2483435
2484198
2488864
2492689
2496246
2505284
2507910
2512111
2512426
2513258
2513652
2515570
2516547
2520156
2520289
2522383
2524146
2524666
2530916
2531515
2532126
2532194
2533429
2539128
2541726
2543180
2544114
2551846
2551983
2552357
2553592
2554015
2556000
2557125
2557588
2557778
2558004
2563832
2563865
2564982
2565566
2568596
2569473
2569974
2573900
2574458
2577552
2578708
2579939
2581903
2582077
2583187
2584790
2586623
2589446
2590025
2590256
2591647
2591662
2593441
2593647
2596690
2599118
2603405
2603822
2604930
2608931
2618945
2623604
2625788
2628071
2628901
2629121
2630555
2631378
2633943
2635807
2637790
2641906
2642031
2644116
2654837
2655002
2657254
2660016
2660340
2662921
2663243
2664361
2667681
2668196
2668514
2669329
2671236
2673832
2674224
2676495
2677356
2678308
2678888
2681764
2685025
2687048
2687161
2687694
2687698
2689092
2691043
2692696
2695406
2695988
2697945
2700432
2700790
2700888
2701205
2702474
2705311
2707669
2708618
2715296
2716024
2716512
2716677
2717728
2719996
2720521
2724215
2725355
2726303
2726546
2726705
2727136
2727250
2727579
2728250
2730300
2735266
2735788
2736921
2737566
2739169
2739804
2740256
2744749
2746618
2759175
2760475
2767208
2767897
2767942
2769250
2770335
2771062
2771175
2771423
2772270
2772553
2773015
2775284
2777840
2779791
2783778
2788706
2790086
2793481
2796942
2800745
2800906
2803969
2809019
2810815
2810857
2811977
2814412
2816160
2817388
2817781
2818931
2822210
2825753
2825804
2827664
2828684
2828837
2831176
2831325
2832677
2833674
2834473
2835509
2835733
2836521
2836565
2839233
2842510
2842820
2843371
2843606
2845035
2845081
2851184
2852115
2853146
2854603
2856525
2857886
2860767
2861234
2861689
2863394
2863749
2864236
2864261
2864388
2865321
2865980
2870792
2871235
2872174
2872781
2873531
2874232
2875229
2875537
2877463
2880145
2880990
2885963
2888745
2888820
2889630
2892251
2893543
2895059
2896254
2900777
2900855
2900889
2900897
2901546
2902396
2907993
2913823
2917298
2919393
2922684
2925735
2931133
2935180
2935405
2940875
2941009
2941758
2943970
2944691
2947774
2948177
2951731
2951946
2957612
2958212
2958807
2960086
2960766
2961613
2963782
2965077
2967514
2968240
2970658
2972426
2972564
2972636
2973870
2975074
2976003
2976687
2977136
2978547
2981179
2986908
2988531
2988628
2990221
2990995
2993539
2995137
2996381
2999331
2999778
3001182
3001963
3004626
3005397
3006595
3008150
3008194
3009069
3009647
3010388
3013013
3016817
3017618
3019101
3019686
3020745
3021316
3022573
3023151
3023493
3024095
3024431
3024848
3037391
3037892
3038779
3039916
3041535
3044832
3045092
3045628
3046046
3046669
3046754
3047276
3049055
3049609
3050102
3052891
3053279
3055606
3058520
3060384
3062356
3062412
3062935
3066395
3066867
3068231
3069202
3070289
3078047
3080424
3081127
3081856
3084267
3084684
3086858
3089237
3089510
3094920
3095587
3101875
3104938
3105585
3108357
3114939
3115211
3118255
3118798
3122700
3124535
3131980
3132713
3136199
3139492
3140846
3141541
3143482
3144554
3145084
3146843
3147965
3149522
3149683
3152616
3154846
3155895
3157660
3161250
3163542
3163953
3165309
3166021
3166765
3169927
3170226
3171940
3172267
3173258
3173417
3175026
3177989
3178117
3178167
3180667
3181006
3181316
3183340
3185627
3186012
3188510
3189843
3190644
3191147
3191883
3192893
3196160
3197634
3199031
3199633
3200985
3205153
3206480
3206871
3209259
3211152
3212693
3214290
3215913
3217376
3218422
3219188
3220919
3221825
3221912
3222429
3222617
3222669
3223805
3224881
3225341
3227648
3230314
3231777
3231956
3233745
3234581
3235206
3238638
3238670
3239303
3239492
3242783
3243194
3245191
3246975
3249743
3250245
3250247
3250918
3255821
3256377
3257234
3257745
3258989
3259400
3262746
3267617
3268476
3270596
3270628
3271385
3271822
3277513
3278315
3279679
3283905
3284079
3285096
3287618
3291127
3291895
3292197
3292232
3293180
3293836
3295785
3296119
3297140
3297822
3301449
3302447
3302638
3305146
3306281
3306862
3309810
3312072
3312129
3315809
3317467
3317852
3318862
3323468
3323655
3328217
3328811
3329940
3333840
3335005
3340784
3342369
3346857
3348437
3350675
3353495
3353934
3354399
3356031
3359164
3360226
3363888
3365692
3366904
3367442
3370875
3371004
3372482
3373036
3373622
3374012
3374223
3375056
3377297
3382859
3383813
3386516
3389680
3392246
3394145
3396084
3399332
3399477
3399763
3400990
3403110
3403735
3404028
3407093
3408645
3409031
3409052
3410257
3410798
3412424
3412712
3420184
3420867
3421724
3421767
3424109
3424327
3427302
3428355
3432199
3432540
3435190
3435196
3435855
3438402
3442339
3442735
3442744
3442914
3444509
3447903
3449088
3449273
3450436
3451593
3453154
3453260
3457352
3457511
3461910
3468481
3468957
3472681
3474821
3475314
3476555
3478603
3479525
3479589
3480839
3480889
3481585
3482446
3485566
3488558
3490143
3491082
3491378
3496663
3499012
3504027
3504635
3504706
3506577
3506635
3507005
3507278
3508067
3509056
3511722
3512222
3514304
3515924
3517043
3517542
3517904
3518484
3519326
3520180
3520194
3523009
3524653
3525197
3528518
3529593
3531558
3532427
3533807
3533984
3536883
3537607
3538696
3538879
3539229
3541355
3541778
3542921
3544694
3544944
3546395
3553509
3555523
3557379
3561376
3562457
3564170
3564447
3567524
3568737
3570254
3571354
3577368
3578008
3578067
3584575
3585858
3586738
3586917
3590120
3593235
3595642
3600332
3601386
3602137
3602781
3606872
3608744
3610612
3612978
3613682
3615223
3617119
3619728
3621734
3622038
3622182
3622563
3622762
3627092
3627544
3628101
3635694
3638037
3638100
3642236
3642903
3644119
3645339
3645591
3647006
3647501
3648621
3650842
3652083
3654066
3656852
3657085
3657543
3659216
3659307
3663075
3666660
3667078
3667463
3667560
3667961
3669165
3670911
3671673
3672720
3673580
3675727
3677588
3678175
3680966
3681522
3682668
3682976
3684125
3684991
3685618
3688608
3689996
3690465
3691104
3691273
3691480
3692235
3692405
3692438
3696529
3697817
3698332
3698542
3698601
3699251
3699635
3700714
3702990
3707640
3708435
3709247
3710212
3710306
3712080
3714637
3714949
3717602
3722147
3722745
3723360
3723837
3724350
3725190
3726118
3726691
3728232
3728347
3729059
3729331
3729835
3730246
3730664
3731126
3731507
3732595
3733066
3737915
3740181
3746889
3752490
3757134
3757516
3759822
3763504
3765049
3765670
3766933
3767346
3775830
3776883
3777180
3778157
3779419
3780569
3780629
3780736
3781076
3784528
3784839
3785111
3787047
3787622
3788225
3789552
3790862
3791276
3793627
3793699
3793751
3793824
3797656
3799165
3800179
3800664
3800666
3800961
3802548
3803658
3803887
3805412
3805731
3805758
3807978
3808935
3809027
3811869
3812391
3813305
3816168
3816657
3819221
3819877
3823480
3826620
3828039
3830283
3830674
3831396
3832215
3834135
3834898
3835627
3836190
3836761
3839050
3841232
3842580
3844862
3845694
3845889
3846039
3846214
3847912
3849389
3850224
3850319
3852530
3853845
3857128
3860046
3867686
3867795
3868073
3869344
3869758
3870261
3871457
3871993
3872858
3873852
3876796
3877312
3877832
3878914
3879838
3879850
3884022
3886798
3886866
3887093
3887934
3888609
3891960
3892384
3897780
3897955
3898806
3903002
3904805
3909056
3912925
3915042
3915536
3915798
3916639
3918292
3918396
3921946
3923688
3924425
3925725
3926855
3928744
3929548
3930639
3937946
3938617
3940238
3940477
3942912
3944303
3945757
3947322
3947367
3947614
3948868
3951271
3951943
3952515
3953563
3956891
3958546
3960137
3960526
3961554
3961788
3962232
3964730
3965052
3965475
3966869
3967452
3968145
3969843
3975139
3975943
3976535
3978504
3981458
3984373
3985565
3986357
3991123
3994148
3995370
3995381
3996196
3997392
3999133
4000089
4000843
4002288
4002858
4004085
4007736
4009291
4009656
4009701
4014654
4023753
4025213
4026050
4029192
4030341
4032718
4034851
4037105
4038454
4039292
4041491
4042735
4044027
4049537
4051343
4052535
4054402
4055998
4056997
4057538
4057808
4059399
4060280
4060461
4061063
4066149
4067413
4067537
4068996
4073936
4074429
4074844
4075587
4077926
4079414
4079664
4083730
4084553
4085700
4086622
4088405
4092285
4094551
4096141
4097122
4098063
4099634
4104288
4105254
4106264
4108086
4109262
4109682
4111701
4114976
4115457
4115477
4118228
4122969
4125403
4125874
4130544
4131383
4131669
4137800
4138960
4141198
4141820
4142618
4149513
4151335
4152327
4155419
4156812
4156971
4160444
4166685
4169674
4170350
4170453
4173927
4181437
4182139
4182428
4183770
4184737
4188001
4190120
4191463
4197885
4199013
4200603
4203374
4203838
4207205
4207261
4209421
4209803
4212784
4213603
4215141
4221830
4223916
4225069
4232594
4233636
4234769
4236354
4236866
4237081
4237081
4240972
4242525
4243716
4246408
4249553
4251354
4251988
4253752
4254194
4256470
4258545
4260841
4261025
4262889
4263490
4263988
4272970
4274849
4277163
4277987
4278383
4278529
4279574
4280493
4281463
4281913
4282782
4283319
4284163
4284255
4286382
4287636
4291119
4292461
4298578
4300043
4301966
4304494
4309241
4309597
4310343
4310530
4312105
4312207
4313690
4319564
4319600
4321406
4323054
4323809
4325609
4327800
4333075
4333508
4334570
4338191
4338495
4340402
4341189
4343396
4344495
4344951
4346391
4347407
4357287
4357675
4358943
4359044
4360049
4360187
4362445
4362537
4363245
4364380
4369416
4369575
4372029
4372312
4372885
4373085
4376230
4376920
4378051
4378690
4378853
4379225
4379439
4381839
4384252
4385193
4386309
4386562
4387263
4389845
4397200
4401441
4402903
4405807
4407440
4408394
4412397
4412748
4415353
4419533
4421691
4423425
4423881
4425106
4426906
4429421
4432555
4435674
4436338
4436344
4437203
4439583
4441415
4441561
4442524
4444533
4445621
4446397
4447261
4447406
4447856
4448453
4449594
4449695
4450718
4451424
4452782
4453014
4455524
4455946
4456430
4458762
4460760
4462836
4465866
4466791
4466915
4467412
4467950
4468284
4472513
4472762
4472773
4473137
4473263
4473415
4474295
4479098
4479528
4479698
4479735
4480543
4481989
4483108
4483709
4484121
4486672
4489600
4491555
4492649
4494130
4494298
4496299
4498605
4508388
4512977
4513071
4516428
4516617
4516970
4520374
4521374
4521761
4523457
4529785
4531564
4532060
4532330
4532826
4533665
4534259
4538751
4538810
4539503
4540918
4543410
4545961
4549511
4552372
4552988
4554094
4554373
4554763
4555658
4555721
4556335
4562422
4562806
4563388
4572168
4574525
4575642
4575865
4577766
4579914
4582365
4582756
4584224
4584261
4584683
4586655
4587440
4588306
4591107
4594073
4594128
4594464
4594503
4595706
4596918
4599809
4600593
4601677
4601874
4601879
4603245
4603842
4604628
4605182
4605542
4607155
4608666
4610775
4610791
4612829
4613334
4613584
4613807
4614263
4614433
4615179
4615254
4617120
4618268
4618901
4620031
4622172
4622339
4623323
4625141
4627862
4629354
4631827
4631931
4632228
4632601
4633543
4636289
4636316
4641302
4641627
4641824
4645633
4648944
4650471
4651178
4660384
4660633
4661633
4663165
4663580
4664191
4664217
4664413
4664493
4666009
4666331
4667945
4671857
4674883
4677936
4679314
4680349
4681576
4684337
4694853
4697573
4697995
4698569
4700929
4701110
4702808
4703335
4704252
4704674
4705949
4708162
4709169
4709356
4709706
4710169
4712368
4712523
4715145
4718494
4726345
4727329
4727719
4733394
4735944
4736700
4738139
4740413
4741353
4743325
4743963
4744209
4744219
4744863
4747046
4747519
4748884
4757890
4757892
4758199
4759112
4759130
4759642
4761517
4765360
4768251
4770613
4771907
4772268
4772339
4772845
4775202
4775214
4779579
4780152
4782406
4782734
4786345
4790919
4796000
4798920
4799143
4802524
4802553
4805000
4806946
4807051
4808208
4813756
4815383
4816564
4816744
4820267
4824903
4825027
4827440
4829796
4833001
4834536
4835318
4837209
4840255
4843285
4844105
4844226
4845833
4846061
4848074
4849521
4850093
4850656
4852140
4853121
4853270
4853279
4854754
4856245
4857036
4857440
4857771
4857793
4858552
4858861
4860928
4861204
4861308
4861363
4865337
4865581
4867488
4867935
4870221
4871562
4872239
4872372
4875408
4875967
4875991
4876643
4878723
4882227
4882881
4884531
4885344
4887264
4893130
4893328
4893694
4894172
4894746
4899643
4900238
4901698
4902342
4903277
4907677
4913580
4918880
4919189
4920740
4923219
4924426
4925800
4926587
4927236
4927983
4928161
4928977
4929837
4930023
4930521
4931278
4931442
4932481
4933916
4934982
4936356
4938208
4942981
4943632
4944930
4945183
4946816
4947175
4947423
4948961
4949988
4951043
4951200
4955129
4955256
4956682
4960982
4961420
4961798
4965345
4965606
4966665
4971376
4979930
4980278
4981165
4981820
4982016
4982185
4984663
4985020
4986129
4986686
4986880
4989959
4993879
4995511
4998151
5000332
5002249
5003590
5004875
5004980
5006111
5006531
5012762
5013146
5013512
5016938
5027221
5028109
5030826
5035842
5037413
5039302
5041455
5041863
5042360
5048944
5050827
5054579
5055116
5057926
5060849
5062160
5062225
5063531
5066854
5068495
5069798
5070251
5070772
5071574
5071825
5072013
5073026
5074960
5077022
5078543
5079395
5081265
5081874
5082642
5084088
5085416
5085599
5086382
5086471
5090343
5093914
5094216
5095129
5095968
5102021
5103756
5105856
5107200
5107541
5108411
5108798
5113835
5115024
5115983
5117492
5117686
5119142
5120953
5122514
5123120
5124000
5126676
5129617
5130108
5131822
5135159
5136520
5138391
5139271
5140483
5140894
5142869
5146866
5148629
5153202
5153757
5155162
5155610
5155787
5156262
5157513
5159253
5162300
5162561
5163641
5167001
5167223
5170430
5171792
5172655
5175055
5175611
5177018
5178520
5179745
5187642
5188501
5190004
5192928
5195133
5201116
5204341
5207858
5209893
5210782
5211252
5211643
5214608
5216302
5220575
5223574
5223846
5224155
5225847
5225908
5226354
5227752
5227815
5228046
5228179
5230449
5230663
5231582
5233177
5235983
5237023
5237595
5243617
5244476
5244878
5246558
5247159
5252187
5252644
5253392
5255054
5257178
5258339
5259100
5259175
5264135
5265471
5267080
5269302
5270279
5272785
5272969
5275745
5276595
5276924
5276971
5279483
5280410
5280532
5283830
5285006
5285439
5286018
5288015
5289043
5291478
5291987
5292018
5292432
5292534
5295140
5295225
5296050
5299809
5300518
5303495
5304754
5310309
5311215
5313749
5314433
5314548
5316373
5318961
5319239
5326054
5326185
5329888
5331903
5332223
5333504
5333962
5334563
5335068
5335193
5335904
5338163
5341952
5341977
5343909
5345268
5347938
5348856
5349109
5350242
5350901
5352577
5352938
5353735
5355862
5355930
5359494
5360206
5364043
5366520
5368999
5370666
5372011
5372438
5373915
5377492
5381265
5382998
5383236
5384230
5384268
5385681
5386202
5386219
5386554
5387546
5389112
5389512
5391590
5393338
5393480
5399087
5402603
5404206
5404345
5404969
5405052
5406472
5409051
5410932
5414314
5414324
5416000
5417946
5418144
5418191
5419018
5425684
5425922
5430321
5433266
5435906
5437707
5438356
5439834
5440209
5442899
5445362
5448027
5453617
5454496
5455821
5455974
5456125
5463384
5465253
5466129
5467822
5487673
5488000
5490985
5492207
5493382
5493686
5495012
5499515
5501100
5501496
5502691
5506391
5514487
5514559
5515924
5519792
5519815
5521133
5522549
5523384
5524052
5524294
5525748
5526403
5531313
5533655
5538584
5539582
5540680
5540845
5541705
5542303
5543001
5545234
5548161
5553249
5553726
5555011
5555869
5557485
5559658
5560953
5562650
5562887
5565881
5568100
5568880
5569913
5570791
5572638
5573755
5574054
5574670
5577278
5579200
5583245
5586983
5587357
5593038
5598594
5598754
5601988
5603004
5605299
5605896
5607915
5608496
5610334
5614422
5614844
5615422
5617308
5617317
5617454
5618113
5621419
5622803
5625264
5630677
5632352
5634840
5634843
5635904
5637440
5639441
5639974
5640187
5641213
5642652
5642734
5643987
5647544
5647920
5649042
5650300
5650418
5655627
5656164
5656580
5656931
5657615
5659586
5660098
5661074
5661863
5662224
5662260
5666067
5666678
5670253
5675053
5679598
5681234
5684040
5686582
5686961
5687771
5692696
5694141
5696662
5698748
5699758
5700396
5701370
5703530
5705436
5706178
5707359
5707676
5710897
5711090
5711447
5711679
5711693
5713239
5715912
5717271
5718582
5722168
5727324
5727815
5730210
5732166
5733879
5734327
5734657
5737709
5738921
5741508
5742462
5746456
5748329
5748465
5750508
5750668
5750745
5750973
5752177
5753286
5753661
5753731
5757930
5760230
5761068
5761654
5761717
5762366
5766376
5770917
5778010
5779041
5780112
5780773
5782604
5783572
5791314
5791599
5797611
5800224
5802317
5805588
5808359
5810428
5816296
5821155
5822670
5823484
5823899
5824231
5828988
5830697
5831152
5831760
5832821
5836343
5836838
5838716
5839560
5849122
5849297
5853439
5853674
5860208
5862397
5862575
5863154
5864734
5865446
5867909
5867971
5869549
5869770
5871201
5872495
5873142
5874604
5875416
5877083
5877127
5879801
5881399
5882570
5887008
5888169
5890481
5890766
5892137
5893960
5894548
5894776
5898350
5898787
5900863
5904204
5906261
5908125
5909549
5910000
5911878
5914011
5914752
5914783
5916865
5919127
5919450
5920870
5921088
5930997
5933221
5933861
5934808
5937466
5939051
5941124
5943998
5947471
5948193
5948379
5948601
5949379
5950474
5953880
5959295
5960833
5960844
5962373
5962420
5962686
5964429
5964779
5966161
5967387
5968878
5969168
5969379
5969713
5970160
5971591
5974601
5976178
5977100
5980621
5982352
5983063
5984115
5990116
5991261
5991299
5992071
5993835
5997928
5998598
5998714
5998762
5998779
6000247
6001214
6002530
6004449
6004642
6006191
6006194
6006683
6008486
6008943
6009691
6013106
6016304
6016955
6017413
6017899
6017991
6021138
6021223
6022897
6023134
6025463
6025720
6027696
6027896
6028390
6028577
6028690
6031038
6032870
6033730
6036646
6040308
6041015
6041482
6042650
6043019
6044295
6046924
6047096
6048281
6057662
6058926
6059514
6062289
6062480
6070498
6070901
6071593
6071913
6072068
6073941
6078707
6078951
6086517
6087102
6087528
6090737
6090741
6092341
6094222
6095614
6095932
6096823
6097903
6099603
6100198
6101308
6102443
6103531
6113081
6113291
6114928
6115678
6116583
6116883
6117626
6122782
6125252
6125260
6125779
6127419
6129458
6130976
6132219
6135417
6136879
6137044
6138511
6144659
6145682
6147251
6149018
6150876
6151887
6153620
6154190
6154246
6156610
6157529
6157576
6158358
6158937
6162285
6168667
6173044
6176358
6178593
6179183
6179593
6179922
6180487
6181136
6182918
6183059
6187174
6187465
6187826
6188390
6189545
6190225
6192640
6192644
6194271
6194783
6195887
6196261
6198435
6198656
6199901
6200460
6208628
6208665
6209481
6211050
6212899
6213727
6216852
6217814
6219310
6219888
6219957
6222324
6226591
6227624
6229116
6235594
6236970
6241667
6241799
6241941
6243338
6246966
6251543
6255022
6258400
6263182
6263219
6268542
6270000
6270165
6271312
6271601
6273082
6273444
6278142
6278422
6280473
6280700
6284603
6284745
6285714
6285874
6287680
6290875
6292399
6292688
6294872
6296599
6298781
6298874
6300060
6300177
6302705
6305800
6308007
6308130
6308170
6308483
6309145
6311113
6313490
6314106
6314126
6314534
6317483
6318034
6318327
6321339
6322545
6324471
6325942
6326830
6327677
6328991
6329433
6329964
6331071
6331369
6332327
6334087
6334759
6335623
6337626
6338111
6338120
6341702
6343047
6346907
6354248
6355167
6356289
6360039
6360591
6366431
6368437
6372240
6372798
6375888
6378361
6379098
6379939
6380241
6382211
6382779
6383528
6385320
6385812
6388995
6390483
6392950
6394268
6397076
6398343
6398845
6403638
6403808
6403844
6407134
6408448
6412704
6414519
6416980
6417597
6417993
6418323
6419830
6419836
6420956
6421042
6422507
6423211
6424082
6425743
6426685
6430219
6431916
6432634
6433759
6434789
6435867
6436850
6439685
6442955
6444610
6446505
6447484
6447796
6448941
6452520
6453334
6455040
6456414
6457357
6457431
6458769
6459887
6461663
6463355
6463659
6465924
6467420
6469846
6470868
6471310
6473106
6474662
6474846
6474964
6476546
6476619
6478370
6479140
6479495
6479512
6479795
6481329
6483228
6483658
6486613
6487581
6487936
6488129
6489050
6489610
6492368
6497143
6497153
6498213
6499263
6499527
6499968
6500679
6501773
6501800
6504898
6505233
6505286
6508400
6508866
6510037
6513571
6515277
6520967
6521186
6521637
6521825
6522124
6522254
6522270
6522728
6524338
6533308
6535853
6538085
6545572
6546674
6550581
6554796
6555078
6555301
6555613
6555772
6555911
6556482
6565142
6565260
6565544
6566466
6566526
6567762
6568627
6570892
6574842
6575461
6575503
6576642
6577402
6577721
6588008
6591210
6591252
6593974
6595028
6595157
6596551
6597190
6597941
6598009
6603235
6604870
6605364
6605885
6609705
6609723
6614177
6615031
6617367
6621151
6622706
6623097
6625883
6626871
6627278
6629208
6629291
6629970
6632475
6633921
6636064
6636187
6638166
6638188
6638550
6641103
6641785
6645487
6645781
6649963
6650378
6653545
6653833
6653988
6654945
6655522
6655680
6659364
6660188
6660621
6661560
6661793
6663085
6663839
6666307
6666580
6669102
6672096
6674620
6680637
6682109
6685716
6686106
6688006
6688509
6689768
6690201
6691093
6691987
6692622
6700853
6702669
6702957
6703433
6703827
6704812
6706555
6708095
6708247
6709007
6709427
6711278
6711714
6714280
6715367
6720333
6721105
6721682
6726597
6727070
6728843
6730242
6730313
6733750
6734120
6734227
6736399
6736793
6737638
6738122
6738348
6739111
6743511
6744139
6748135
6749071
6750340
6754713
6757698
6757912
6757915
6758300
6760259
6761166
6763580
6764034
6764135
6766707
6767669
6770228
6771128
6771269
6775058
6776149
6776221
6780298
6780671
6781201
6781311
6781751
6783381
6785621
6785821
6786940
6787047
6787128
6788402
6788596
6789499
6794019
6795629
6796388
6796706
6804350
6804478
6807055
6808669
6809242
6812889
6815979
6818450
6820010
6820827
6821140
6823236
6824506
6824976
6826370
6826703
6826854
6829225
6830481
6830718
6830768
6831532
6832124
6835295
6835396
6836928
6839131
6842698
6843824
6845394
6845993
6850560
6852994
6854767
6855302
6857899
6858188
6864353
6864948
6867046
6867227
6867798
6868612
6870161
6871314
6872019
6872193
6878014
6879417
6881083
6882002
6883921
6884684
6885323
6886724
6887754
6889639
6892463
6892904
6892942
6893651
6895660
6895980
6896462
6900012
6901033
6901780
6902591
6905650
6908227
6910388
6912723
6915400
6920855
6922982
6926922
6927381
6927986
6934267
6935508
6936034
6936248
6936353
6940055
6940942
6943067
6943177
6944135
6945884
6949283
6951595
6954423
6955944
6959849
6962657
6963695
6964672
6967185
6971749
6971776
6972937
6973611
6974504
6974851
6974910
6976011
6976606
6977471
6979117
6980909
6981380
6981476
6982779
6982874
6991179
6991458
6992125
6992921
6993597
6994484
6994644
6995250
6996837
6997807
6998270
6999442
6999796
7005673
7006830
7008087
7009234
7011395
7014468
7014633
7014896
7016484
7016565
7017109
7018644
7019542
7021104
7025150
7025880
7028904
7030806
7032725
7033883
7033948
7033956
7036394
7037820
7038961
7039736
7043854
7044196
7044589
7045967
7046971
7047975
7050526
7050829
7052850
7053609
7053841
7057308
7058765
7059077
7061410
7064841
7065172
7065917
7066629
7068143
7068744
7068972
7069151
7070329
7073386
7074141
7074190
7075090
7075221
7075371
7075825
7078985
7080660
7082652
7084713
7087708
7088320
7089151
7092193
7092592
7096306
7101741
7104672
7105495
7109166
7114093
7115173
7116657
7120539
7120807
7121709
7123758
7126588
7127371
7127786
7129156
7130036
7133200
7135540
7139589
7143354
7145656
7147438
7148486
7150029
7152049
7153653
7155852
7158142
7161500
7161987
7162817
7163160
7170484
7170835
7171386
7171693
7172310
7172565
7173431
7176790
7177271
7177424
7181956
7190439
7190898
7191853
7192020
7192228
7193205
7195718
7196408
7197067
7199228
7200210
7202729
7203809
7207028
7214535
7214755
7217546
7218111
7219244
7220301
7220748
7221139
7221271
7223363
7224556
7224836
7226002
7226696
7231382
7235460
7235510
7236142
7240802
7241951
7242803
7243065
7243643
7245439
7248257
7250790
7251446
7254454
7256004
7256361
7256478
7257635
7261490
7262388
7263598
7265824
7266320
7269122
7271199
7271575
7273129
7275100
7275301
7278900
7282139
7282246
7283013
7283394
7284995
7287672
7289215
7290121
7290754
7290935
7291221
7292007
7293285
7294713
7299460
7299461
7300847
7301362
7304845
7312407
7312904
7315320
7321984
7324308
7324582
7325050
7326705
7327460
7331623
7332959
7333398
7336551
7336834
7337149
7337900
7338636
7339098
7339099
7339239
7339385
7339792
7341092
7341687
7343006
7344990
7345093
7345739
7345818
7347984
7352433
7358002
7359211
7360494
7360646
7363822
7371142
7372395
7372851
7374095
7376634
7377443
7378184
7381325
7381749
7386041
7386141
7390530
7394061
7395974
7396436
7399254
7402638
7404280
7406207
7407313
7407405
7407960
7408851
7413327
7413350
7413499
7416180
7416956
7417986
7418930
7420001
7420154
7420613
7425401
7425699
7429257
7432149
7434347
7437963
7441392
7443443
7444066
7444626
7446119
7448171
7449329
7449399
7450221
7451307
7451404
7452761
7459765
7460880
7461623
7462846
7463681
7465373
7467908
7468962
7471685
7472089
7475605
7476691
7476711
7478490
7484993
7486006
7486051
7486843
7489510
7490375
7491159
7494919
7496382
7497477
7502628
7503995
7504696
7504946
7505173
7506314
7506451
7509037
7510128
7515250
7515768
7517101
7519064
7519162
7519536
7521240
7521401
7522853
7523166
7524024
7525734
7526804
7528624
7530339
7530481
7532286
7535676
7536703
7539056
7540342
7541428
7546164
7546706
7549188
7552505
7552654
7555791
7557631
7557757
7559363
7562109
7565600
7566239
7567731
7572926
7573138
7574749
7577188
7577922
7578726
7579219
7580006
7580166
7583217
7583633
7585439
7585672
7585699
7587631
7589428
7590381
7590559
7598378
7600181
7601492
7601771
7602366
7602721
7603210
7603358
7605727
7606070
7607603
7610361
7612607
7612868
7614004
7614069
7617478
7618987
7620475
7623892
7624592
7626198
7626588
7627412
7628284
7630017
7630206
7630676
7631293
7632091
7632371
7632862
7633243
7634959
7635399
7636995
7640197
7643963
7644022
7647188
7648680
7648845
7653663
7654653
7658510
7659915
7661361
7662727
7662741
7662897
7663474
7665477
7668394
7670896
7672138
7675393
7678700
7678818
7681507
7684059
7684384
7686821
7688997
7690432
7690601
7692859
7693132
7694469
7695155
7695723
7696420
7699466
7702223
7702368
7702478
7702947
7703531
7703855
7703870
7705113
7705621
7707342
7707844
7708133
7710121
7712987
7714587
7715647
7716932
7718590
7718741
7719947
7720240
7720468
7722298
7723432
7726162
7728525
7728893
7731354
7732974
7734103
7734531
7737390
7738482
7741492
7743377
7743673
7744456
7749679
7750283
7753195
7756605
7756946
7758252
7759706
7760144
7761703
7762270
7772664
7772891
7774379
7775015
7777034
7777862
7779014
7780213
7780992
7782288
7783055
7783124
7783365
7784001
7793120
7793579
7794078
7794544
7794929
7795736
7795746
7799765
7799925
7803997
7808103
7812997
7813344
7814192
7826644
7829225
7831749
7834979
7835237
7839032
7840088
7840765
7844314
7846308
7846529
7854507
7857291
7858462
7858880
7863146
7863564
7863855
7866128
7866463
7868334
7871734
7874929
7875120
7884762
7885174
7886148
7886917
7887796
7888482
7888802
7889036
7889813
7891711
7892793
7895999
7897318
7902384
7904400
7904601
7905820
7906596
7908574
7908798
7918305
7920015
7921965
7924378
7925730
7926416
7926442
7927364
7929331
7930542
7930736
7931372
7931896
7936374
7938899
7944462
7946034
7946477
7946967
7953753
7954448
7954513
7955841
7958381
7964754
7965698
7967973
7968474
7968644
7971673
7973836
7976369
7978806
7981382
7983108
7983790
7984984
7985875
7988167
7988915
7994367
7995759
7996031
7999659
8002981
8004589
8004787
8008313
8009211
8012520
8013114
8014564
8014812
8016646
8016693
8018684
8022465
8025663
8026577
8027013
8027109
8030071
8031607
8031822
8036769
8038435
8040350
8040693
8040865
8041394
8041550
8042330
8044258
8045596
8047934
8048317
8049557
8053460
8057510
8060539
8061145
8061581
8062035
8063935
8064806
8065543
8066001
8066985
8067152
8071302
8072986
8073666
8074922
8075176
8077150
8078318
8079536
8080629
8082858
8083213
8085322
8086205
8088859
8092281
8093662
8096484
8098979
8100989
8109224
8109377
8110167
8110315
8110516
8110726
8111499
8112926
8112999
8114523
8117805
8125192
8127165
8128844
8130097
8130324
8131541
8133935
8135358
8136055
8138249
8144572
8145120
8145938
8149854
8150015
8150377
8150833
8152410
8152650
8154954
8154976
8155025
8158052
8158237
8159515
8160648
8162163
8170147
8171077
8171500
8175596
8177041
8180453
8182382
8184583
8185598
8190095
8190443
8191555
8192307
8192645
8193024
8193641
8196411
8196802
8199353
8200239
8201163
8205109
8206182
8206755
8211708
8214845
8218677
8222671
8224081
8224359
8226945
8227703
8227806
8228870
8229163
8232256
8232272
8232283
8233809
8235646
8237323
8242842
8243166
8247787
8249885
8250216
8251622
8253351
8253692
8256513
8257016
8258478
8263553
8263606
8267312
8267947
8269464
8270361
8275507
8276044
8276252
8276382
8278549
8279658
8279690
8283767
8284578
8284766
8286410
8291127
8291406
8293764
8295266
8298125
8300660
8301227
8303338
8303464
8305346
8308961
8310299
8311461
8314275
8314350
8318097
8320042
8320382
8320783
8322044
8325141
8326440
8326569
8328495
8329619
8331429
8332248
8332766
8336032
8337274
8339249
8339416
8341677
8347098
8348530
8348682
8349012
8350696
8352835
8353608
8355261
8355444
8360065
8361274
8361672
8364736
8366404
8367546
8369738
8370257
8371697
8371854
8376155
8378780
8378980
8379589
8380979
8382985
8383017
8383892
8384326
8384871
8389287
8396167
8397555
8398083
8400054
8401095
8402452
8404430
8405171
8411917
8412938
8414656
8415366
8416907
8417856
8418388
8418511
8420077
8421848
8423486
8424813
8425236
8427972
8430558
8431345
8433365
8433784
8434148
8434683
8435955
8436832
8437180
8439674
8444688
8445474
8446594
8448424
8448556
8448574
8448748
8450210
8455139
8456082
8456646
8456874
8459156
8459236
8460337
8462469
8463624
8466710
8467617
8468381
8468795
8469317
8470759
8472865
8474458
8476101
8478639
8481725
8487602
8488025
8488952
8489194
8489847
8490733
8491352
8491827
8492357
8496801
8497981
8501714
8501806
8502450
8502656
8503311
8503733
8507178
8510853
8512559
8513553
8514476
8515112
8515784
8516705
8524840
8525050
8528964
8530699
8531256
8531819
8531914
8533063
8534464
8535323
8538899
8540057
8541072
8541449
8550333
8550834
8552954
8553151
8556311
8558469
8559016
8565897
8567152
8568464
8570376
8570564
8573359
8573756
8576308
8577131
8578563
8579924
8587916
8591494
8593350
8593843
8594085
8597781
8601524
8602704
8602778
8605598
8606544
8609508
8609848
8610033
8612468
8614357
8618148
8625376
8625636
8625931
8626408
8636582
8641561
8641952
8643018
8646168
8647356
8652153
8653327
8653462
8653942
8653976
8660473
8661938
8662424
8662570
8665653
8668308
8668804
8670315
8675738
8676530
8677820
8677997
8679787
8681944
8683324
8688981
8689146
8690070
8691211
8693992
8699256
8699338
8699691
8703404
8705364
8707286
8707318
8708552
8709525
8711061
8711237
8713973
8721901
8722832
8725083
8727047
8728422
8729031
8730009
8731070
8732547
8735074
8739229
8742615
8743063
8743202
8744604
8753350
8756891
8757342
8758871
8759020
8759868
8760144
8760473
8763207
8763320
8765598
8768817
8769900
8770510
8773903
8775607
8776140
8776592
8776743
8777128
8777756
8778451
8778896
8781517
8783419
8784418
8788521
8788662
8792665
8792851
8793433
8795420
8801494
8802941
8803332
8805651
8805824
8810686
8810962
8811036
8811106
8811310
8812903
8815143
8816826
8819445
8825550
8827916
8829629
8831813
8832146
8834559
8835165
8837023
8838030
8838216
8838474
8845451
8845778
8846541
8849786
8850583
8851123
8855021
8859160
8861272
8862683
8863567
8865218
8866536
8867980
8874453
8875268
8880516
8884695
8885816
8887898
8890030
8890810
8893296
8895983
8896648
8900487
8900641
8905000
8906571
8906998
8909448
8912226
8913011
8913822
8916666
8920612
8925628
8928359
8929324
8930379
8933523
8933678
8935748
8936260
8938767
8940246
8944063
8949807
8951012
8952299
8952449
8953354
8953594
8954387
8956878
8957970
8963478
8963580
8970214
8972256
8974765
8976657
8976886
8977594
8981333
8985018
8986024
8990778
8994311
8994679
8995376
8996096
8999506
8999566
9001174
9001605
9001873
9003247
9003418
9005766
9006429
9009205
9010623
9014082
9014706
9018491
9022255
9022284
9032351
9033118
9033165
9033341
9033950
9036984
9040022
9044214
9047546
9051601
9052076
9052370
9055878
9061391
9061474
9062828
9062949
9066499
9067127
9068729
9069223
9073270
9074652
9077843
9078570
9080757
9083244
9083971
9085646
9087629
9088214
9088279
9089129
9089197
9089793
9095246
9100609
9100668
9101493
9101893
9102579
9104763
9109930
9110642
9113831
9115429
9115614
9117882
9124358
9124567
9124865
9129566
9130366
9130885
9133021
9135098
9135954
9136061
9136338
9140777
9141226
9142879
9143468
9147903
9149066
9149896
9150880
9151157
9151771
9153942
9155482
9156168
9158860
9159299
9161208
9161648
9164099
9165090
9168845
9169061
9171893
9175810
9181376
9184448
9184459
9185259
9185687
9188645
9194169
9194970
9196125
9196333
9198616
9201406
9204511
9206530
9206628
9207251
9207619
9210252
9211881
9212463
9212918
9213618
9216433
9217232
9220638
9222345
9223251
9224577
9226531
9230205
9232750
9234594
9235019
9239004
9239054
9244389
9249769
9251555
9251784
9251853
9255567
9256227
9256763
9263216
9263248
9263396
9263648
9263759
9266366
9268339
9271772
9273222
9274522
9279308
9282898
9283817
9285301
9285926
9289639
9290810
9293358
9293801
9293985
9294370
9295323
9296245
9296802
9297430
9299736
9300747
9302192
9304896
9305209
9305760
9305948
9306139
9314849
9316347
9320391
9321671
9321840
9322747
9323533
9323659
9324442
9327562
9334968
9339983
9341567
9343247
9347797
9348869
9351519
9352206
9364547
9366733
9368751
9369421
9372199
9373280
9375284
9379743
9380243
9381813
9382599
9383456
9393325
9393569
9393604
9395470
9397251
9397386
9397772
9398703
9399287
9399418
9400866
9401709
9402971
9408694
9408853
9408898
9409193
9410741
9410995
9411471
9411816
9411899
9412691
9414234
9419767
9423963
9424360
9429592
9430741
9433972
9433997
9435315
9435943
9437115
9438324
9438916
9439558
9439783
9441328
9442108
9443736
9446863
9447095
9447780
9448413
9449543
9450094
9451264
9451343
9452931
9454574
9455472
9456065
9456286
9456349
9456590
9458918
9459124
9460041
9460312
9460926
9461357
9466055
9469328
9469703
9471287
9471522
9474120
9474754
9476538
9480830
9481332
9483495
9488420
9490580
9491665
9491837
9494075
9494208
9495448
9496718
9501058
9501542
9502702
9503992
9505151
9505556
9507244
9507933
9510518
9514708
9516502
9517398
9518160
9519809
9523245
9524051
9526121
9526335
9528501
9529132
9530816
9532151
9532584
9533680
9534032
9534269
9534387
9534391
9537420
9538048
9538342
9538526
9539593
9539691
9542987
9545681
9546632
9546789
9555103
9557938
9562606
9563668
9564856
9565570
9565847
9566165
9568493
9568800
9571334
9571563
9573613
9578169
9581881
9582997
9583258
9583341
9585409
9585459
9585705
9585980
9588037
9589445
9591540
9591690
9593468
9593582
9595227
9595692
9597119
9598327
9598491
9598592
9599507
9601419
9601944
9602249
9605175
9606894
9610954
9611197
9611707
9613227
9613588
9614446
9614759
9620837
9621638
9622356
9622411
9623349
9623417
9629635
9631753
9632050
9636510
9640753
9641055
9643026
9643352
9645723
9646274
9646483
9649444
9649634
9654089
9654877
9655225
9655244
9660145
9661908
9663962
9666683
9667819
9673547
9676076
9678731
9679165
9680051
9680300
9681023
9683180
9684543
9687241
9689084
9691641
9694404
9694540
9696445
9697338
9700468
9701221
9702863
9703051
9703129
9703468
9703540
9708875
9711186
9711477
9712271
9712511
9716134
9716256
9717710
9718999
9722803
9727294
9727599
9729875
9730249
9734806
9740014
9741062
9741482
9744886
9745661
9750144
9754787
9758137
9758942
9759164
9761159
9763995
9764576
9765073
9765543
9767385
9767482
9770010
9774857
9777244
9778124
9781260
9782259
9782426
9786345
9793954
9794979
9794989
9797415
9797780
9799293
9801430
9801778
9802939
9807902
9808499
9809249
9812290
9814470
9815903
9816452
9816846
9817526
9817859
9818404
9820778
9822183
9822593
9823376
9824066
9824611
9825231
9825427
9826862
9826962
9828670
9830246
9833581
9835069
9837106
9838206
9840766
9843920
9844992
9846620
9846856
9846862
9849058
9849611
9852269
9856357
9856624
9857579
9861771
9862345
9865363
9868568
9868587
9871920
9872324
9872917
9873940
9874623
9874767
9875193
9876162
9877522
9877600
9877692
9878256
9879479
9881357
9886962
9892785
9896569
9900114
9904443
9905095
9905318
9906031
9909256
9909448
9913584
9914265
9916251
9916297
9921617
9922371
9930317
9931284
9932264
9932511
9935833
9936230
9936791
9942689
9944823
9945363
9947310
9948282
9950835
9956419
9958720
9959416
9960959
9961429
9961456
9962372
9967579
9967843
9968805
9969177
9969210
9971261
9973874
9974519
9974959
9978156
9981400
9983657
9994150
9994580
9996018
9999275
10000171
10000983
10001564
10007190
10008167
10008694
10011411
10012436
10013720
10013936
10018753
10019829
10021319
10024685
10026122
10026768
10027373
10035650
10038263
10039181
10040815
10042035
10044344
10053304
10054149
10055052
10056490
10056770
10058421
10058446
10063098
10065405
10067689
10070013
10072856
10073912
10074774
10077904
10079766
10079787
10079974
10082139
10088871
10090013
10090387
10092556
10093256
10093895
10095540
10097444
10098703
10101477
10103627
10104372
10105844
10106304
10107323
10109081
10112950
10119238
10121525
10123302
10127501
10130408
10130736
10136938
10137441
10142445
10142567
10143210
10143883
10145076
10145195
10150081
10150812
10151694
10152218
10152633
10154823
10155077
10158127
10159533
10159641
10162841
10162985
10163440
10165246
10166286
10168292
10169841
10175498
10177383
10177414
10177463
10177472
10177666
10177720
10180089
10184428
10186446
10190592
10196896
10197530
10197931
10201356
10202517
10203377
10205692
10206858
10208170
10214115
10215232
10216881
10219769
10223196
10225221
10227421
10229068
10231858
10231871
10235561
10238007
10238627
10239778
10240677
10241371
10243406
10243921
10244245
10245272
10245410
10248260
10248710
10251047
10251539
10252647
10253041
10253409
10253858
10253889
10257326
10260479
10261525
10264473
10265223
10265370
10269749
10270500
10271038
10272679
10280017
10280378
10281914
10282694
10285357
10287963
10289045
10289415
10290455
10291579
10293151
10294339
10294884
10297487
10298415
10299671
10302036
10303050
10304986
10305840
10307408
10307725
10308315
10311089
10312300
10312404
10312591
10315045
10316492
10318308
10320531
10321037
10321182
10321613
10322199
10328056
10331783
10334511
10340069
10342338
10343464
10346792
10347940
10348232
10349474
10349819
10350261
10350424
10350577
10352363
10352960
10353487
10354965
10361262
10364942
10370709
10370778
10371053
10371755
10373481
10374546
10376646
10379290
10379294
10382175
10384689
10385872
10388516
10388877
10391644
10394545
10395828
10399000
10399115
10400711
10401013
10401392
10405138
10410012
10411178
10411307
10416910
10420055
10420273
10420697
10421161
10423122
10425088
10428168
10429833
10432798
10433180
10433534
10434559
10442091
10442273
10442763
10445611
10445872
10446548
10449991
10454205
10454462
10455005
10456063
10458174
10458626
10460258
10461285
10463570
10464334
10467864
10467914
10471802
10472907
10472929
10475935
10479455
10482122
10482299
10485125
10485898
10487142
10487310
10487330
10487576
10488644
10490046
10495422
10497450
10500573
10505249
10507303
10508396
10510133
10510583
10511653
10513173
10517090
10517144
10517241
10517498
10518353
10518368
10521118
10524018
10524845
10526041
10526853
10530538
10530883
10531416
10531907
10533064
10535857
10537922
10541768
10548968
10550586
10552445
10553491
10554307
10557901
10558010
10560496
10561762
10563978
10564492
10564862
10568394
10571145
10573828
10575708
10576423
10578540
10578601
10578616
10578986
10579043
10580157
10580396
10583641
10585034
10586060
10586172
10586586
10587531
10592411
10592811
10593573
10593916
10597007
10604684
10604876
10605888
10607257
10612012
10613094
10613521
10617979
10618365
10618955
10619783
10622167
10624704
10624950
10625168
10625897
10627754
10630350
10630498
10631471
10635219
10636270
10644065
10644944
10649616
10652947
10655032
10661026
10662791
10667574
10668025
10669032
10669877
10670109
10670247
10671316
10672202
10673342
10678054
10679051
10681468
10682085
10686767
10687328
10688302
10690039
10692916
10693811
10697788
10700169
10700462
10703045
10706696
10707828
10708090
10708248
10712036
10712622
10714474
10716598
10718921
10718984
10720664
10722394
10723766
10726279
10726446
10727934
10729041
10729397
10729793
10730237
10731871
10734189
10736005
10737275
10738425
10740155
10741760
10742754
10747842
10748853
10751292
10751356
10752832
10752964
10755859
10757841
10757977
10760452
10761163
10763727
10764082
10766659
10766782
10766801
10767494
10767751
10769327
10775628
10775670
10775716
10775992
10780364
10780754
10781740
10781982
10782782
10783534
10784891
10786376
10787907
10788316
10788619
10789017
10793391
10793885
10794303
10795249
10797643
10798025
10800576
10800637
10802067
10803040
10805929
10806189
10809091
10810393
10811185
10811451
10811735
10813479
10817095
10819489
10821261
10823116
10823568
10824668
10824709
10825201
10826134
10829482
10829927
10833301
10835199
10835551
10836779
10838695
10842440
10843042
10843714
10847049
10849851
10853873
10855716
10858077
10858124
10858418
10862337
10864458
10864825
10865595
10866399
10867325
10871406
10873979
10876350
10876779
10878625
10879153
10879695
10884197
10886716
10889212
10890124
10890369
10891022
10892309
10895814
10897768
10899979
10901400
10901779
10902384
10902554
10902727
10902798
10903420
10904568
10908865
10910200
10910335
10911355
10911414
10911846
10915581
10919016
10919429
10919778
10919904
10920347
10920574
10923850
10924713
10927737
10927788
10931956
10932687
10932912
10933925
10933952
10934487
10934994
10936009
10938787
10939096
10939408
10943362
10946818
10951204
10951697
10952662
10954315
10957336
10957343
10957604
10958698
10961760
10962252
10962416
10967087
10967884
10974219
10977525
10978578
10981044
10982672
10983496
10991324
10997370
10997491
11000817
11002179
11004854
11005002
11005417
11006321
11007462
11012339
11013097
11014325
11014542
11017490
11019612
11021933
11022592
11027026
11027947
11029115
11029319
11030156
11035809
11035932
11037853
11039843
11041436
11042269
11042779
11043639
11046002
11046615
11048353
11050760
11051080
11053300
11056173
11057475
11060233
11061210
11062018
11065526
11065863
11066021
11078220
11078636
11083379
11083890
11084454
11084887
11087814
11088518
11089420
11091357
11091643
11096145
11096492
11096819
11096989
11097570
11098139
11098508
11101140
11105771
11105833
11106172
11107474
11112101
11117237
11117600
11118116
11118506
11118518
11119381
11121083
11122607
11123644
11124187
11125230
11126581
11127682
11131813
11131829
11132193
11138052
11140244
11140960
11142628
11144596
11145002
11149819
11149944
11152466
11157523
11159676
11159811
11162947
11164071
11165152
11165585
11165805
11166033
11166460
11171495
11174760
11174899
11175307
11176126
11177457
11178100
11180106
11180131
11185731
11186662
11188589
11191200
11193012
11193268
11195854
11196526
11200809
11201484
11201492
11203031
11203319
11203438
11209450
11213294
11216281
11216290
11216512
11217216
11222747
11225739
11228879
11230285
11230500
11233083
11240949
11241152
11241480
11244320
11252074
11254506
11257374
11260534
11260835
11261174
11261812
11264616
11265597
11266072
11266956
11267845
11268533
11269032
11275965
11278598
11286243
11293545
11293719
11296652
11297284
11298718
11298853
11299348
11303188
11305196
11315197
11315469
11315976
11316740
11317332
11318627
11318963
11321965
11323124
11327419
11332797
11335003
11341070
11341563
11348735
11350522
11353817
11357405
11360105
11362390
11363197
11364518
11365235
11368519
11373335
11374402
11376334
11377836
11378358
11378458
11380777
11382756
11384325
11389413
11389433
11389981
11394274
11397606
11399564
11402486
11403524
11405062
11405420
11407529
11407757
11408361
11409669
11411848
11412420
11412921
11413281
11415007
11417112
11419689
11424403
11424706
11425116
11426848
11428953
11429700
11430081
11432575
11433566
11435007
11435344
11435720
11436810
11437296
11438229
11438348
11440262
11441388
11442336
11444222
11446688
11449398
11449460
11450822
11452883
11453861
11457041
11459301
11460689
11462426
11465064
11465366
11466348
11466634
11468554
11470134
11471349
11474012
11475367
11479585
11480139
11480931
11484286
11485804
11490127
11492199
11492287
11500036
11500492
11501590
11503479
11503686
11507069
11507445
11508405
11508680
11510256
11513827
11514346
11517057
11518196
11518208
11518624
11521059
11522417
11523338
11525720
11529403
11529804
11531102
11535728
11539608
11541802
11543481
11547416
11550414
11551813
11553816
11554372
11556041
11559063
11559548
11562597
11563480
11564053
11565714
11567424
11567910
11568450
11578300
11580931
11583591
11583952
11587025
11587370
11587725
11589223
11591335
11591367
11594964
11595341
11597006
11597555
11597833
11600410
11600603
11600693
11601458
11602386
11603679
11610410
11611571
11612096
11612842
11612915
11613811
11614027
11614327
11614353
11615740
11620234
11621743
11622649
11626951
11627242
11628052
11629353
11630797
11631214
11633888
11636232
11636667
11636890
11637856
11638486
11640767
11641833
11642504
11648055
11650725
11651374
11654534
11654884
11659559
11660854
11661671
11665017
11665499
11666859
11667653
11673709
11674063
11683642
11683750
11686054
11689356
11691298
11691759
11692948
11694190
11695487
11696082
11704305
11707331
11708198
11715158
11715579
11716164
11719075
11722274
11722285
11724504
11726085
11726635
11728310
11728726
11733924
11734106
11738096
11738649
11739600
11741485
11743104
11743493
11747238
11749137
11753253
11753532
11756392
11756803
11758929
11759452
11760478
11765382
11765701
11766388
11771252
11773586
11774484
11779239
11783386
11786586
11786639
11787292
11787549
11791134
11793461
11795536
11795978
11798001
11799623
11801173
11804409
11804499
11805884
11807798
11810080
11810131
11811415
11812353
11814927
11815239
11817243
11820062
11821004
11822090
11826274
11828615
11831734
11834531
11835227
11836407
11836468
11836470
11841634
11842182
11842850
11843990
11846926
11847350
11850033
11853025
11853701
11853878
11853896
11854551
11854709
11856963
11857623
11859518
11859714
11860846
11860986
11861837
11862287
11865553
11865908
11865925
11868356
11868812
11869311
11869748
11870550
11871593
11871681
11872694
11873155
11874060
11878040
11878128
11878575
11879361
11880105
11880880
11881799
11882626
11883306
11884446
11885797
11886139
11887559
11890696
11890857
11890909
11895105
11896105
11897412
11898665
11899984
11902465
11902852
11904484
11904882
11906457
11907963
11911465
11912159
11913316
11914168
11917265
11919348
11921942
11923228
11926477
11930774
11931238
11931565
11932377
11934243
11936051
11936394
11938263
11938364
11939887
11941241
11941508
11941983
11942878
11943817
11943854
11945804
11946517
11947143
11950931
11951063
11951426
11952059
11954115
11957227
11957840
11958053
11962088
11964456
11964597
11966567
11969671
11969744
11971941
11973429
11974505
11974655
11976869
11977132
11977372
11977977
11982189
11988954
11994696
11994838
11995111
11995313
11995774
11995840
12000766
12002012
12002842
12004400
12005031
12008009
12011445
12012551
12012875
12013002
12013348
12014568
12015475
12015980
12019092
12019609
12019983
12020417
12021884
12022596
12026235
12027074
12029990
12035134
12035541
12036412
12038269
12039402
12039788
12041694
12042046
12043250
12043792
12045940
12046036
12046589
12046824
12047114
12049322
12051758
12052614
12052669
12053848
12062296
12065274
12069195
12072460
12076114
12076855
12077032
12077801
12078098
12078370
12080240
12080750
12081700
12082328
12083209
12084181
12089242
12092372
12093923
12094162
12095549
12096730
12099630
12100428
12100940
12101121
12105543
12106653
12106944
12107523
12107913
12108615
12111616
12111726
12113027
12116362
12117113
12117573
12118898
12121249
12122172
12124159
12124678
12125154
12125498
12125697
12125709
12128325
12130812
12137314
12138156
12138842
12139419
12140469
12141314
12142312
12143561
12143694
12144741
12147950
12148296
12148860
12149487
12151598
12153586
12154676
12156268
12158991
12160717
12162166
12162951
12163124
12164143
12164477
12165598
12168873
12172815
12175691
12178235
12178430
12180622
12180693
12180997
12182840
12184521
12194180
12195184
12197260
12198529
12198699
12200281
12201138
12207511
12208646
12209618
12209872
12213482
12216617
12223204
12227721
12228055
12228238
12232846
12233019
12233883
12234839
12234872
12234996
12236554
12236663
12237490
12240431
12240792
12244882
12247464
12251661
12259748
12259913
12262914
12268210
12271236
12272430
12277135
12278073
12279838
12284974
12285407
12286357
12286706
12287422
12288050
12290026
12290578
12291583
12293389
12293981
12295377
12295484
12296676
12298350
12298409
12301174
12305679
12308701
12311974
12312257
12312647
12313690
12317491
12321068
12326157
12328975
12329808
12330030
12330732
12341332
12341624
12341630
12343727
12346367
12346450
12346490
12346523
12347268
12350535
12350605
12351003
12352402
12354195
12356792
12358768
12359026
12362535
12362749
12363263
12364077
12365635
12365953
12367614
12371395
12372246
12375840
12379022
12384935
12387692
12387827
12388048
12394035
12396468
12396649
12400449
12403848
12404020
12407376
12408808
12409130
12410535
12411663
12414943
12417315
12420894
12423200
12423726
12424410
12425669
12427934
12428587
12432899
12435141
12435682
12436353
12437999
12442178
12443103
12444606
12446151
12446939
12447194
12448818
12450655
12450923
12451393
12453555
12455005
12456453
12457518
12464413
12468491
12468665
12468781
12468823
12471040
12477265
12477307
12485517
12485544
12486676
12487052
12491766
12499375
12500105
12501538
12503310
12503669
12503902
12505150
12505505
12506160
12506325
12506442
12506470
12506896
12507003
12507985
12509211
12511347
12515273
12518951
12521498
12521959
12527939
12529292
12530415
12530549
12535487
12538903
12539287
12539313
12540533
12541024
12542075
12542246
12542623
12543124
12549017
12549943
12551474
12551737
12552704
12555291
12556847
12557245
12557891
12557953
12557957
12564295
12564596
12566370
12568455
12570588
12572203
12572543
12572910
12574442
12580374
12580895
12581091
12582331
12582707
12585799
12590617
12593089
12593818
12595516
12600079
12600878
12604140
12604765
12606935
12607709
12613102
12614638
12615602
12615668
12616229
12617288
12617469
12618927
12619979
12620945
12622720
12625552
12628144
12630734
12633595
12634096
12634478
12636034
12636142
12636148
12636799
12639339
12640870
12641742
12642450
12644660
12651996
12652527
12653110
12657033
12660693
12660788
12663004
12663655
12664392
12669069
12671525
12674598
12674772
12675037
12676790
12676891
12677288
12678356
12679377
12680516
12683498
12689892
12696311
12697608
12699301
12700764
12704218
12704376
12704514
12709354
12709904
12713262
12713336
12715912
12716423
12717917
12718299
12720839
12721435
12722859
12724169
12724570
12726617
12727564
12728782
12729922
12731331
12732276
12732377
12733353
12734757
12735036
12735426
12738837
12738991
12739025
12739225
12739251
12739315
12741695
12748505
12756617
12756618
12757156
12757250
12757541
12758011
12758638
12761266
12762479
12763330
12764386
12764836
12765411
12766644
12772508
12773844
12775196
12777406
12778181
12779915
12780396
12782893
12784095
12786618
12787663
12789939
12790905
12792239
12793360
12793704
12793779
12793886
12794649
12795239
12795800
12796260
12796373
12797440
12798948
12801228
12802563
12803622
12804824
12805416
12806264
12806601
12808285
12809317
12811291
12811631
12813483
12815615
12815854
12816028
12819515
12820047
12823887
12829408
12832042
12836379
12837702
12837829
12838774
12842349
12842512
12842609
12842840
12843110
12843958
12844850
12844992
12846611
12847548
12849286
12849571
12853303
12854167
12854897
12855831
12858032
12858576
12858603
12859221
12859857
12863296
12864757
12865040
12865809
12865869
12866908
12867019
12867705
12870453
12872926
12873036
12875134
12880766
12883241
12887666
12888314
12888376
12894302
12895376
12896637
12897200
12897352
12897404
12901166
12901264
12903613
12903812
12907376
12908352
12910068
12913907
12914755
12917154
12917776
12918674
12919220
12922920
12923961
12924565
12924885
12925259
12928348
12930860
12931808
12935653
12935812
12937840
12939373
12941308
12943056
12944009
12946232
12946858
12948864
12949857
12953734
12954513
12955057
12958789
12962243
12963816
12967238
12967347
12967763
12969769
12970096
12970688
12970862
12971253
12972873
12974749
12974847
12976386
12980071
12982019
12984181
12989028
12989778
12991271
12991278
12995995
13002160
13002277
13003159
13003827
13004869
13005120
13008752
13009131
13009877
13010118
13011065
13012776
13016330
13017287
13019597
13021590
13023036
13026613
13027783
13030280
13030613
13032083
13032896
13033783
13036646
13038860
13039462
13040370
13043001
13043798
13044422
13045812
13048009
13048162
13052806
13055611
13057552
13058831
13060575
13066098
13067807
13070965
13072394
13072818
13073763
13074429
13076578
13077290
13078468
13078976
13081385
13083165
13086202
13087163
13088505
13091879
13096523
13098237
13101755
13104431
13108496
13109020
13109945
13110326
13111149
13111215
13112506
13112557
13116835
13117461
13117501
13119981
13120926
13121027
13121803
13122369
13122441
13124238
13124250
13125434
13127096
13128138
13128840
13129900
13130262
13131815
13133184
13133888
13136462
13138673
13139177
13149953
13150228
13150522
13152124
13152520
13153706
13154781
13156462
13160787
13162639
13163095
13163191
13163999
13164199
13164467
13167939
13168700
13168794
13169898
13170170
13171982
13172806
13174120
13175223
13175432
13175697
13177946
13178925
13180144
13181019
13182813
13183643
13183774
13187543
13189196
13189206
13193363
13194549
13194703
13195966
13197189
13205250
13206829
13207182
13208228
13208327
13208566
13208730
13211179
13211826
13213440
13214054
13216066
13217822
13218234
13218998
13219708
13220064
13220300
13221868
13226888
13229288
13230277
13232187
13233618
13240594
13243166
13243991
13245309
13250679
13251107
13251653
13251769
13252795
13254027
13255956
13257809
13258467
13259619
13260064
13261596
13262001
13264124
13264551
13265744
13266145
13266307
13266598
13268104
13272585
13273867
13274257
13275780
13279596
13280125
13280619
13282169
13282391
13282571
13283460
13285554
13287332
13290651
13296051
13296340
13297263
13297493
13297967
13298791
13300013
13304893
13307475
13308632
13308941
13309033
13311345
13312843
13313891
13314178
13314424
13315406
13319170
13320161
13327878
13327927
13328941
13330270
13330676
13331146
13333567
13333837
13334233
13335538
13336379
13337695
13339182
13343123
13345070
13346139
13347306
13348683
13348687
13351051
13352147
13354068
13361137
13361595
13361693
13365901
13368166
13368376
13372768
13372986
13374321
13374747
13376832
13377037
13378563
13379637
13380586
13381312
13381527
13382649
13382916
13387431
13389723
13391954
13392745
13392815
13392903
13395761
13396706
13398199
13399958
13402377
13403383
13406758
13407850
13409991
13412291
13414327
13415550
13416570
13426972
13427730
13428425
13428651
13429478
13436449
13436713
13436790
13442264
13444464
13444823
13449660
13449927
13451690
13452945
13453469
13458899
13459261
13461461
13461949
13466596
13469595
13471514
13471867
13472483
13473025
13473899
13475464
13476388
13477027
13483463
13485220
13485823
13488748
13488991
13492181
13498640
13500743
13502245
13504863
13505464
13506017
13507589
13508972
13509814
13515358
13515643
13515922
13518901
13520274
13524183
13525458
13525771
13530801
13531919
13533621
13534819
13535699
13536725
13538078
13543560
13546059
13546239
13547453
13548442
13551598
13551706
13551886
13552252
13552925
13553726
13554163
13554929
13555090
13557218
13557842
13558588
13559372
13560351
13563301
13564704
13567256
13569692
13570395
13570867
13573010
13574223
13574994
13578537
13584700
13585823
13587288
13587330
13589675
13592628
13596299
13598998
13601048
13602449
13604861
13604959
13607508
13612244
13615230
13615845
13616752
13620641
13623078
13626781
13627115
13627433
13629823
13633162
13635389
13638423
13640262
13641568
13642583
13644137
13644300
13645588
13647127
13649982
13650347
13651447
13653229
13654667
13656497
13659381
13665799
13666835
13667243
13670086
13671111
13672005
13673031
13673279
13676391
13679255
13680007
13681307
13683562
13686018
13688599
13690803
13691939
13691976
13692215
13692297
13703744
13704252
13704259
13709090
13715330
13719766
13720138
13722563
13730093
13730344
13730913
13733013
13733111
13734875
13735991
13737999
13740070
13740689
13741035
13743049
13745423
13747734
13747888
13749718
13751637
13755655
13758766
13759466
13759747
13763191
13763594
13766017
13767256
13768353
13774190
13775304
13776862
13777120
13777692
13782874
13789440
13792068
13793126
13794264
13798033
13799788
13801969
13805373
13806073
13809771
13810880
13813092
13813199
13814095
13814233
13814527
13815114
13816962
13821818
13824675
13825143
13826586
13827008
13827335
13832022
13834658
13836150
13836490
13839147
13839221
13840033
13848376
13849147
13850200
13851222
13852395
13854040
13855254
13855336
13857106
13857458
13859740
13860126
13861562
13862391
13863721
13865183
13865983
13870808
13876854
13880058
13892381
13896507
13897293
13898499
13898654
13900849
13901859
13901964
13903308
13903644
13905626
13905658
13906826
13907047
13913486
13914000
13915174
13915564
13916757
13920376
13921085
13921562
13922468
13922810
13924694
13924835
13925279
13926678
13926875
13926943
13927909
13928072
13931797
13933831
13936115
13937275
13938570
13938738
13940985
13941873
13941942
13944023
13944025
13945425
13946482
13948330
13949966
13953121
13953265
13956457
13957185
13958268
13958819
13960053
13961519
13962809
13965893
13966729
13967076
13972022
13973984
13974714
13976470
13976826
13977117
13977829
13978370
13978954
13987847
13988486
13989345
13990479
13990990
13991299
13992028
13992394
13994055
13994911
13996235
13998879
13999986
14000807
14001307
14002803
14003551
14004514
14004812
14006570
14009079
14009310
14011404
14011751
14013990
14015890
14016036
14016319
14016854
14020890
14023266
14024201
14024454
14033075
14033290
14034415
14035003
14035495
14036592
14039281
14040179
14040894
14040959
14042095
14044453
14046135
14050952
14051284
14055478
14058763
14059492
14059820
14060480
14061225
14065818
14067018
14067241
14067489
14073384
14076459
14076509
14078695
14078718
14078967
14080474
14083024
14083373
14087637
14087925
14088680
14089617
14089994
14090509
14092158
14093090
14093264
14094594
14094750
14096368
14096572
14097467
14101442
14102093
14103128
14104980
14105237
14107403
14108766
14108957
14112518
14116786
14119604
14124549
14125207
14126412
14126782
14127125
14127732
14128245
14129034
14131722
14133192
14136617
14137422
14142478
14153177
14155281
14155310
14156406
14158100
14167639
14171495
14172293
14173756
14175147
14175626
14178010
14178542
14185422
14186917
14187493
14187701
14190541
14190947
14194323
14194692
14195452
14195931
14196437
14196649
14196932
14197179
14198002
14201755
14201906
14202169
14204576
14205589
14207509
14212439
14215446
14215680
14216277
14217088
14218277
14220749
14222551
14223827
14225040
14225791
14227385
14229037
14232617
14233967
14237028
14240602
14242344
14242548
14242558
14242952
14244095
14247925
14252568
14254645
14254960
14255375
14256180
14257053
14258287
14258406
14260810
14261228
14261778
14262182
14263367
14263446
14264830
14264833
14265314
14265364
14266443
14267188
14268823
14273867
14275567
14276027
14277249
14279869
14280332
14283158
14283881
14286112
14287037
14287656
14290260
14291897
14292371
14293018
14295102
14295699
14296839
14298872
14300153
14300554
14300811
14301233
14302624
14305440
14305616
14306410
14307502
14307880
14308370
14308552
14309501
14310879
14312384
14312863
14314587
14315279
14316011
14316732
14319321
14319382
14321397
14321678
14322609
14325116
14325588
14326076
14326710
14328673
14330512
14337384
14338078
14338641
14340478
14342398
14343506
14344180
14344896
14345933
14346874
14347910
14349506
14349897
14351246
14355347
14355883
14357088
14358035
14358342
14360828
14362018
14362754
14365523
14365920
14368919
14370440
14374487
14375937
14378207
14384129
14389107
14390044
14390370
14396841
14398224
14403818
14405712
14408488
14409900
14411536
14412071
14416390
14416933
14416995
14417268
14424026
14425087
14427483
14427840
14428757
14428870
14429807
14430759
14431343
14438057
14438137
14438532
14439963
14442225
14444026
14444225
14446213
14447948
14449166
14449709
14450241
14451054
14453422
14454929
14455332
14456336
14456393
14456461
14460157
14462563
14462817
14463948
14464986
14469027
14470855
14472233
14472662
14475045
14479751
14479759
14484009
14486187
14486796
14488652
14488955
14491785
14492337
14493786
14495817
14503783
14507056
14509460
14510070
14513349
14515912
14516946
14521347
14522609
14522796
14529151
14533986
14534421
14536562
14538559
14539740
14541345
14544786
14545937
14549529
14552144
14554521
14560639
14561173
14562954
14563166
14563649
14564078
14564324
14566587
14568154
14568194
14568837
14571463
14571513
14572893
14573247
14574978
14579559
14580720
14582346
14582682
14583288
14583567
14584471
14584947
14586414
14587274
14587613
14590209
14592742
14595005
14596849
14599851
14602238
14603465
14610328
14611730
14614557
14615349
14616442
14620013
14622118
14622964
14623369
14624078
14624507
14625047
14625727
14627076
14628033
14629469
14629749
14631902
14635800
14637595
14638146
14639705
14640170
14641702
14642201
14642787
14644515
14645763
14646981
14648035
14650323
14652393
14652411
14657317
14658597
14660442
14661214
14663641
14663924
14665586
14668666
14669060
14672511
14672978
14674113
14674221
14674938
14676792
14681842
14682282
14684244
14684973
14686604
14687291
14688411
14688801
14689424
14689707
14689839
14691404
14691452
14693024
14694598
14694645
14694665
14695272
14696522
14696701
14697308
14699136
14699501
14700466
14702222
14702645
14704046
14705557
14706611
14709034
14709678
14715375
14715450
14716120
14717770
14718471
14724049
14731446
14732719
14732858
14736435
14736673
14737263
14745000
14745789
14745915
14746332
14749567
14750108
14750611
14751164
14752620
14753858
14754600
14759129
14759493
14759716
14764784
14769633
14773012
14776871
14779211
14780749
14780934
14783364
14788285
14789258
14790437
14790526
14790712
14792188
14794049
14794622
14795007
14796319
14796856
14799686
14800831
14804284
14807668
14807944
14811139
14812406
14814803
14817297
14820141
14820568
14822434
14823681
14827229
14827980
14844382
14848251
14848348
14853181
14853690
14855501
14856005
14859466
14860688
14863723
14864549
14868829
14868969
14869881
14870758
14878295
14878768
14879776
14880814
14882972
14884720
14885768
14886793
14893989
14895508
14897096
14897411
14899093
14901784
14902325
14902490
14905540
14905723
14907340
14909229
14909483
14910838
14912332
14914440
14915895
14918361
14921196
14921539
14922756
14928393
14928469
14932999
14935164
14935225
14935813
14936655
14937007
14937252
14937597
14937991
14938717
14940938
14943828
14945354
14945363
14946733
14948286
14948469
14949275
14953164
14953616
14953797
14958467
14959365
14960084
14962347
14965540
14967191
14967665
14969165
14969262
14969328
14970485
14970641
14972426
14975059
14975173
14976017
14982641
14986979
14987992
14990630
14991869
15002265
15002339
15003725
15005754
15011305
15012028
15013739
15014713
15018416
15019018
15020304
15020928
15023531
15024269
15025934
15026193
15026787
15027285
15029459
15029484
15032266
15033443
15035731
15037257
15039269
15040356
15041236
15042635
15043907
15043989
15046024
15046061
15048225
15051641
15054216
15054933
15055229
15055467
15055484
15060882
15061098
15061949
15063160
15066801
15067028
15068650
15069359
15070860
15072542
15076608
15081575
15083664
15090286
15097231
15098413
15106576
15107012
15107811
15128302
15130352
15131591
15133711
15134275
15134967
15135013
15137268
15140571
15141103
15141300
15143429
15144537
15144685
15145097
15146098
15149601
15150380
15150581
15151186
15151348
15153881
15155135
15155149
15155497
15155811
15160928
15162727
15163759
15164883
15165052
15165739
15167970
15168326
15168349
15168409
15168418
15169003
15170086
15170192
15171373
15171698
15172993
15176749
15179326
15187249
15190008
15190923
15191281
15192998
15194248
15195118
15197337
15199697
15199994
15203338
15204128
15205411
15205675
15206081
15207705
15207824
15211523
15211821
15212526
15214486
15216148
15216506
15216551
15218916
15219033
15224942
15225152
15226846
15227517
15228571
15229142
15231495
15232787
15234677
15235257
15235487
15237176
15237618
15239496
15239504
15241826
15244041
15244746
15245110
15247041
15247926
15248746
15251783
15255701
15257689
15258466
15258949
15261940
15263412
15263498
15264392
15264544
15267076
15267582
15269448
15270856
15275432
15277914
15278319
15279189
15279912
15281357
15282099
15282230
15283539
15291208
15291254
15292926
15295276
15298563
15301199
15301322
15301608
15302021
15302527
15303771
15311157
15313300
15315492
15316411
15316843
15319948
15325682
15330056
15332051
15332680
15337652
15338274
15341769
15343279
15344043
15344149
15344537
15344823
15347572
15351450
15352021
15353078
15356500
15356927
15358869
15359723
15360781
15361209
15363110
15366955
15373773
15374845
15379323
15380543
15381067
15382278
15382774
15384076
15384857
15387890
15390940
15396314
15398371
15400510
15402945
15405801
15405852
15405942
15413105
15413473
15414243
15415796
15416454
15417753
15419380
15419852
15422330
15423287
15424965
15427453
15431629
15432611
15433350
15434323
15435349
15436170
15436624
15437450
15437876
15440933
15441448
15441675
15442104
15444403
15448487
15448643
15450952
15451349
15457558
15458417
15458672
15459676
15461015
15461370
15464552
15469183
15469765
15470310
15473295
15475666
15476032
15476346
15476915
15476945
15479864
15485472
15485993
15487012
15487332
15489184
15491659
15492536
15492566
15493917
15494883
15495463
15497989
15500415
15504015
15508724
15510265
15510696
15512935
15515434
15519903
15520003
15522288
15525420
15526632
15527117
15527962
15527994
15528196
15528756
15528891
15529643
15530755
15533108
15536198
15536836
15540324
15544051
15546149
15546513
15547447
15549158
15549966
15550821
15551520
15554615
15555837
15559293
15561932
15562298
15564551
15564812
15565060
15566843
15567481
15568452
15570389
15570582
15571632
15571685
15571931
15573766
15574941
15575342
15575460
15575980
15576585
15577230
15577731
15580360
15581179
15582153
15582247
15586092
15586117
15588454
15589091
15589291
15590846
15593870
15594977
15596261
15596980
15598517
15598609
15599256
15599571
15602570
15604295
15604660
15604751
15607767
15608263
15608686
15609194
15610788
15612548
15615409
15617013
15617716
15617936
15622464
15623160
15624657
15629289
15632333
15632914
15633014
15633145
15635017
15635611
15638230
15638805
15640721
15640789
15641318
15642531
15647601
15647880
15648687
15651329
15655819
15656123
15657115
15657662
15657739
15658478
15659430
15661496
15662563
15662907
15664128
15664884
15665535
15667417
15668348
15672353
15675914
15676091
15676533
15680713
15683156
15685337
15685618
15686623
15690197
15691518
15691947
15692575
15692676
15695311
15695478
15697530
15700848
15705935
15706949
15708983
15712525
15717865
15719400
15720238
15721509
15722113
15724159
15724479
15724668
15725430
15725492
15725853
15726572
15726799
15727800
15728475
15729783
15731348
15733512
15734583
15735268
15737694
15738257
15739508
15742655
15743103
15744809
15747749
15754225
15755805
15757526
15759066
15759134
15762958
15764961
15765556
15769184
15775852
15776925
15777630
15778124
15779084
15780789
15781308
15785251
15785679
15787224
15791151
15791226
15792993
15793056
15794305
15795857
15797448
15798558
15802581
15802911
15804449
15806858
15807445
15808100
15811041
15811816
15811897
15813055
15814519
15814866
15815000
15815004
15816424
15817651
15818098
15818295
15820810
15821418
15822871
15823376
15825610
15826663
15827687
15828071
15831215
15832358
15833546
15834864
15835027
15839187
15839247
15842622
15843588
15847175
15849080
15852064
15855645
15856690
15858752
15860435
15862175
15863156
15863884
15866334
15866509
15868345
15868695
15876623
15877151
15877553
15877859
15880810
15881714
15882940
15890736
15891346
15897442
15898912
15899799
15900883
15902089
15902906
15904008
15904535
15910802
15911129
15914987
15915140
15916430
15917218
15917642
15919208
15919736
15922981
15924207
15924780
15927279
15927746
15929138
15930370
15935866
15937321
15937725
15937744
15938056
15938461
15939993
15940811
15941014
15941089
15942154
15942950
15943401
15945008
15945214
15946345
15948082
15948115
15948612
15954256
15956458
15957047
15957107
15961121
15966143
15967009
15968262
15969158
15969277
15969900
15972323
15972375
15974201
15975018
15977186
15979546
15980212
15982098
15982939
15983597
15988776
15989452
15989802
15992241
15993150
15999146
15999234
16002705
16003202
16004356
16008041
16008756
16011399
16016106
16016355
16017511
16019792
16022867
16023975
16027479
16028132
16029041
16031236
16032300
16032750
16034820
16036341
16036439
16036924
16037377
16037522
16038303
16040544
16040835
16041342
16042207
16043247
16043826
16044501
16046866
16047256
16047577
16047938
16049673
16053926
16055595
16056127
16057665
16059189
16061722
16062238
16062584
16066109
16066988
16067648
16071708
16077149
16077648
16079612
16080298
16082605
16087427
16088576
16089585
16092189
16096141
16096320
16096839
16098623
16100966
16102776
16103047
16104682
16105630
16107849
16113842
16115190
16119067
16122278
16123887
16124186
16124200
16124577
16125730
16128129
16128396
16129654
16130587
16130785
16133074
16134278
16135636
16138875
16139868
16143317
16145295
16145395
16149094
16150140
16150807
16153275
16159295
16160345
16161254
16164103
16164822
16165053
16169146
16169739
16170221
16170307
16171706
16172359
16175315
16177249
16177501
16177593
16178553
16179606
16180303
16183621
16183992
16184013
16184206
16184250
16185439
16185596
16186243
16186430
16187405
16188490
16189301
16191285
16192054
16196088
16199943
16201412
16201585
16202363
16202615
16202927
16203122
16204435
16205474
16209482
16210751
16211098
16211135
16211918
16213435
16216473
16220921
16223389
16224601
16230447
16230712
16231144
16231424
16231920
16232407
16233723
16237140
16238863
16239071
16239098
16239596
16240521
16241195
16241886
16242185
16242466
16244012
16245773
16247320
16247680
16248903
16249251
16249928
16250465
16250732
16255339
16256268
16257442
16259047
16260133
16260357
16261811
16262039
16262986
16263045
16264864
16267438
16268665
16272067
16275362
16279982
16280763
16282242
16283033
16291647
16295433
16297041
16299661
16300213
16300396
16301592
16302887
16307140
16309501
16314655
16316111
16317155
16319594
16324863
16325464
16325590
16334364
16334759
16338465
16339557
16340459
16341690
16342575
16343507
16348218
16348675
16349868
16352459
16352576
16354380
16354680
16354889
16355159
16355414
16359456
16365381
16366378
16367577
16368678
16372009
16372116
16372688
16372689
16374265
16375309
16376956
16378833
16380318
16381148
16381712
16384756
16386651
16388041
16390983
16393930
16394247
16394601
16396475
16397347
16398751
16400030
16401639
16402183
16402313
16403337
16403815
16407384
16408777
16409044
16410864
16411464
16411592
16414225
16414419
16417662
16424227
16426672
16427680
16429565
16431360
16431666
16433739
16434972
16441040
16443494
16445915
16448593
16452867
16454522
16454993
16455523
16456038
16458224
16458833
16459230
16460521
16462905
16465282
16465310
16466885
16467006
16468309
16472997
16474720
16474938
16476193
16477315
16478732
16480726
16481993
16483339
16483677
16487264
16490064
16490618
16495644
16496341
16496717
16496995
16497367
16498785
16500981
16503429
16506394
16506997
16507169
16509043
16512098
16512207
16512336
16512987
16515853
16516029
16517014
16519853
16523169
16523353
16526101
16527778
16528549
16530044
16530702
16533514
16534407
16534418
16537077
16537679
16540048
16540429
16542421
16543029
16543046
16543495
16545022
16546910
16548084
16548117
16554284
16554753
16556457
16557382
16558359
16561696
16563140
16563589
16570387
16570820
16571512
16571968
16572136
16572339
16574653
16575094
16577002
16578421
16580537
16580692
16582703
16583118
16583459
16585157
16585911
16586667
16591069
16591774
16596307
16600602
16601468
16602731
16604973
16605577
16610349
16613569
16616192
16616793
16618434
16620943
16621088
16621090
16622722
16627694
16628621
16635302
16635670
16636953
16638441
16642166
16643095
16646331
16648464
16652627
16655699
16657197
16657397
16657904
16658348
16658617
16662595
16666947
16668921
16675817
16676956
16678433
16679385
16679625
16682511
16684113
16684770
16684984
16685320
16687322
16691810
16694257
16699196
16701779
16705813
16706023
16706180
16707667
16712126
16712275
16715324
16720358
16721694
16722449
16723234
16724539
16729257
16737474
16739753
16740456
16741127
16744460
16744756
16744895
16745141
16745524
16745525
16747316
16747486
16747745
16749430
16750018
16750095
16751880
16754909
16756630
16758767
16759272
16765996
16767855
16770073
16770768
16772454
16772541
16775279
