output/10000_unsorted.txt

13816962
12792239
11964456
4900238
16462905
5353735
11843990
3952515
13730913
7707844
13767256
1734393
5519815
9566165
5209893
8795420
1646010
14096572
9840766
4815383
3904805
14196437
7892793
1846210
8170147
12780396
6458769
9196333
10155077
16238863
8838030
10243921
10939096
10915581
11180106
11046002
938954
16407384
4945183
7443443
7192020
12924565
1098329
6100198
7275301
13626781
9823376
14561173
13552252
11440262
733250
3728232
7720468
6638550
15214486
3382859
15661496
3645591
2372146
394260
16571512
4098063
2775284
15972323
8022465
7235510
14563166
14322609
11874060
3544694
6748135
6314106
6000247
4532060
7289215
3507278
6842698
7684059
13436790
161834
7863855
2668514
3628101
4137800
7494919
16186430
4067413
8488952
5414324
9703540
10077904
5123120
8531256
593105
746784
9872324
14844382
3956891
14902325
6196261
3235206
14216277
11871681
431270
9660145
7203809
11216281
16596307
7407405
6787047
15945008
5727324
6457357
7504946
16359456
2080688
2685025
16003202
6660621
13691939
1100625
1770433
8332248
1308684
13124250
4641627
7590559
15571931
13777692
6488129
6661560
1951341
924842
11298853
13956457
15691518
1133201
8066985
14195452
4407440
3976535
2725355
11041436
14384129
12855831
13921085
9578169
6758300
1071202
16543029
13163191
3930639
14040959
7895999
6194271
11969744
8653327
12236663
3891960
851510
12029990
12640870
16622722
3488558
2217736
9244389
14389107
14629749
7813344
3707640
2451820
5882570
15551520
3722745
5831760
5313749
348148
6733750
1619073
8515112
10575708
10423122
11659559
2871235
10578986
9450094
502641
3245191
16178553
16047938
12963816
12570588
3846214
15940811
8127165
3567524
1728337
16299661
10346792
10734189
12615668
5836838
2227141
7425699
14328673
9921617
6845993
13428425
16545022
1284094
12113027
2591647
2825804
8154976
1364856
14128245
2999778
14264830
8417856
14493786
10384689
3069202
9256227
14198002
5526403
8291406
772637
6839131
10866399
4572168
3538696
6417993
9488420
12913907
10190592
5699758
14724049
15461370
9501542
7221139
538917
8930379
1070563
15197337
16583118
2630555
5467822
1263368
3975139
15706949
16543495
2091247
6981380
10625168
13044422
12989778
12756617
5126676
10561762
10007190
1819446
3407093
14257053
3404028
12505505
4059399
11686054
6706555
10755859
7376634
13128840
2143724
10281914
4474295
12739225
1968151
4704674
12858603
14488652
11164071
372222
13794264
16497367
11244320
10919778
15338274
7224836
9454574
1983147
7104672
5463384
7087708
5741508
3867686
14568154
13194549
13720138
4980278
6021138
5136520
758710
11006321
8030071
9480830
14195931
16177501
13999986
10513173
11878575
6575461
10311089
1551746
6046924
2376158
8732547
9089793
8258478
6645487
14087637
10158127
13368166
13348683
25785
14016854
7973836
14860688
228406
13941873
16668921
10757841
16145395
2835509
4924426
7441392
14439963
13308941
10958698
11565714
7936374
1668048
7886917
12967238
7614004
14060480
1071796
16737474
10932912
14326076
16739753
3584575
7658510
15802581
7722298
3302638
1703617
13901964
6008486
6884684
2299790
7052850
13477027
4236866
16563140
1634589
10593916
934725
15171698
9601419
1227993
7092592
2544114
6688006
16600602
14827229
2935405
1909360
7449399
6298781
16301592
9967843
13312843
16580537
14300811
7774379
6235594
14449709
7663474
4664191
5707676
9033118
14918361
6979117
13072818
681787
3691480
7761703
7840088
6614177
2772270
7123758
7468962
680336
13548442
7491159
7155852
7958381
10316492
15617013
13313891
9451264
16582703
12793360
7840765
15235257
9014706
979263
14020890
14935225
9622411
1689561
8742615
6179183
5068495
8111499
1545744
298927
472448
7444066
2466559
10508396
15203338
7339385
8531819
15437450
1740256
4282782
9408898
8986024
10229068
9529132
1182448
9181376
15686623
13747888
9774857
14880814
4340402
874525
8683324
9230205
710000
1737310
13220064
3239492
11348735
7541428
12585799
2214290
6943067
4947423
8078318
9528501
2990995
10487576
10166286
15137268
13676391
5243617
13945425
6843824
3737915
8653976
11084887
1257370
9456286
13399958
456327
2004125
2596690
16079612
7929331
6439685
4141820
13087163
1377967
3871457
14242548
8293764
9207619
942343
11030156
1196067
6973611
6243338
14417268
11994696
3157660
7036394
16528549
4319600
10573828
15969158
4376920
6940942
6487936
5555011
15793056
10726446
15150581
448143
13108496
7675393
11946517
5998598
12234996
4358943
8819445
4483108
733313
5230663
9950835
638999
12195184
1678997
1661168
5167001
4442524
14319382
11022592
16452867
10934994
6689768
13821818
1230853
5329888
14268823
9273222
8320783
15564812
12093923
2115549
2206660
13088505
12777406
12156268
13629823
13855254
6641785
13903644
6926922
14450241
4664493
2065912
13101755
1221273
6940055
33436
5410932
8573756
9435315
5177018
13120926
3278315
1007831
15882940
4733394
3722147
9410741
13194703
12582707
8098979
6479140
6151887
10858124
1432698
68901
1656235
13086202
11973429
5642652
8065543
1068208
14355347
1422808
13032896
3725190
15155135
12078370
12867705
909257
4343396
8434683
1160643
5617317
4933916
14023266
9003247
1220246
11435007
840356
2687161
12125697
5964429
16751880
13645588
12955057
11425116
16574653
15179326
13892381
4309241
47326
9873940
15842622
9302192
4520374
10264473
10957336
10245410
16646331
12083209
15604295
15216148
15002265
6615031
9171893
4300043
10982672
13377037
3691273
658093
15806858
36821
1109884
2305790
9124567
11203319
11917265
4074844
15948115
7170835
4849521
6568627
1240768
6999796
10297487
12764386
13692215
14237028
6776221
2870792
10644065
9968805
14326710
6341702
11267845
12727564
12582331
11931238
14428870
8444688
15504015
5893960
15155811
15948082
6418323
6158937
11341563
4931442
4131383
12457518
1811799
8434148
8379589
13077290
12551474
12967347
13792068
15366955
9640753
16507169
6006683
13280125
10727934
4632601
13824675
7073386
15413473
16196088
3222429
10348232
11442336
8348682
6596551
8952299
12012875
15416454
7033883
3118798
7448171
14158100
14427483
9758942
13733013
9222345
6006191
2136329
13083165
15263412
10400711
7084713
15791226
10340069
10510583
15651329
11341070
10564862
6486613
6311113
15165052
8445474
8757342
7221271
3062412
1493229
13690803
805919
9530816
13865983
9158860
6309145
12451393
8735074
9438916
11185731
14676792
7243065
15797448
14991869
14595005
12521498
5964779
2423961
11051080
2740256
5919450
21794
12735036
13498640
904202
11715579
13211179
5335193
1892219
13208327
10245272
8063935
3296119
2312909
3004626
4472513
14190947
7120539
4074429
686828
4280493
5639974
9022255
16349868
13862391
4450718
1455911
10399115
3170226
5748465
7846529
304780
7130036
3141541
3617119
13163999
14937007
8086205
165600
1275952
10432798
9961456
3055606
2454713
16113842
7524024
5914752
8513553
3080424
13602449
8976886
16339557
16662595
13483463
8267312
7219244
15561932
5372011
16240521
438449
10817095
8253351
16496995
12207511
14611730
14035003
12506325
2917298
126679
9691641
4902342
16517014
13416570
15382278
5634843
14472662
12620945
6211050
8636582
2472396
6117626
11145002
13953265
14943828
11594964
6219310
12901166
10780754
10802067
5214608
10388516
8227703
13826586
5252187
6692622
6479512
16261811
12175691
5167223
7519162
14544786
2016652
5190004
2779791
574996
12111726
2308545
14009079
10349474
1299851
1643620
8013114
11165152
14342398
6963695
3884022
5259175
8756891
3656852
11597555
2159024
12614638
5997928
6823236
9196125
1867369
69171
5977100
3081856
16263045
16627694
15382774
12425669
5523384
7552505
10631471
5681234
8411917
12895376
12379022
11368519
6625883
8768817
10703045
5393480
14794049
16460521
1588680
3699251
10511653
11299348
648783
5686961
11217216
5543001
16188490
4034851
12842512
12923961
16657397
5618113
9014082
9568800
15615409
10951697
9562606
12043250
2139466
7530481
1863348
5934808
7425401
5869549
5103756
16429565
8913822
6356289
7699466
1987479
2452074
1899956
11360105
9722803
5223574
10811451
16676956
13564704
8861272
7812997
9666683
6633921
9220638
2192322
3360226
4876643
9251555
7695155
3757516
8160648
752860
277632
1521172
204843
908152
2976687
14668666
14749567
15311157
14126412
853119
3490143
9437115
9169061
8018684
13119981
5448027
12557245
11950931
9249769
8378780
12572203
5679598
1008413
7265824
12842349
3926855
12352402
11042779
6273082
10487330
14599851
7145656
3659216
6412704
9352206
11266956
3183340
3024095
9930317
5039302
2042606
11971941
11186662
14811139
13557218
5587357
2174927
12535487
13865183
1112446
6467420
929161
4913580
4323809
15734583
15218916
15292926
6122782
4512977
6622706
3284079
14682282
11760478
16061722
13691976
3246975
4106264
8088859
7732974
1035348
1109152
2146795
14672511
14949275
7224556
2317814
15969900
3765049
8775607
2593647
2593441
12801228
10159533
8326569
3940477
4412748
4209421
4480543
11860846
16123887
15264392
4712368
2426559
7291221
2831325
2265953
6314126
6308483
4636289
13806073
16071708
947318
10428168
4697573
237884
6241941
12931808
14759129
695811
9393325
11862287
13243991
15344537
5350901
1750707
1529572
10505249
7467908
14641702
7127371
5548161
6935508
10708248
8322044
2456214
582253
77081
2770335
14403818
885430
9393569
8953594
10012436
15705935
7371142
4115477
1509759
14196649
12653110
16133074
15665535
1485685
12147950
8578563
1822981
13957185
7578726
5874604
10196896
15550821
15588454
15492566
14521347
7693132
9206628
5003590
14343506
6945884
2825753
11435344
14078695
1295917
1868237
8337274
10318308
3517904
2195556
15144537
1002771
14255375
6499968
12198529
8448556
9563668
11507069
4802553
4451424
7451404
8573359
9251784
8933678
5252644
5622803
14905540
14205589
3506635
2583187
15891346
15032266
5733879
6738122
6885323
4620031
650165
7705621
8085322
10911846
6327677
3525197
931326
2286698
16211135
12823887
8175596
15549158
2832677
5289043
8199353
6096823
14201906
16480726
319788
14568837
2441716
8811036
12724570
669011
7549188
15168418
6116583
5568880
10769327
11043639
1510390
6524338
13290651
4622339
16150807
16396475
3283905
279837
2569974
4946816
4085700
6820827
12970862
6830718
13709090
7585439
7336551
16388041
11798001
6555613
14746332
1251946
2201535
12564295
12198699
1061101
10823116
11765701
12424410
6936353
11462426
972109
16408777
7617478
8112999
11017490
14629469
4934982
15492536
16128129
4125874
1361284
4610775
1061865
10143883
9765543
12427934
9147903
3293836
15067028
10079974
6372798
8963580
10902727
15458672
8793433
12796373
1530424
11958053
4049537
12227721
1437815
10248260
11551813
11332797
7432149
8185598
468559
1814170
11061210
16577002
9067127
6954423
13262001
1252822
1059351
15999234
6343047
3132713
2267776
3780629
7536703
11773586
9212463
5802317
16398751
5750973
11568450
8577131
11612842
12372246
7068143
9959416
14928469
6002530
7331623
15573766
15083664
7324308
10553491
13150228
725095
6826703
12660693
2221901
16572136
3800179
5871201
1521991
10931956
7399254
5933861
15026787
1047850
6626871
9503992
10617979
7719947
12296676
3600332
8602704
7627412
7702478
7271575
10253858
8778896
3791276
11836470
10074774
3805412
4802524
1756211
6180487
13116835
2854603
2845035
5541705
10788619
3447903
11078636
10961760
10813479
10661026
9516502
11029115
11994838
14616442
3517043
9971261
2299739
7170484
15754225
586251
5711090
6226591
10238627
8435955
7177424
7116657
16231920
1628778
4965606
13915564
11409669
12042046
16202363
14552144
14438137
12864757
4237081
3789552
1448562
3944303
9109930
4871562
448138
13965893
8727047
6638166
10775670
12130812
11048353
13604861
9655225
3242783
12259748
50328
14094594
11373335
11350522
14355883
13387431
740103
5418144
16230447
10811185
12883241
4984663
6501773
10902384
389990
4660384
10879153
11419689
4099634
16540048
16055595
12106653
3258989
15419852
339661
7343006
16283033
69166
6520967
3152616
15315492
6688509
3805758
4608666
4233636
2358342
9781260
5943998
6130976
15269448
4436338
12046036
16483339
4845833
4955256
7028904
6522270
7301362
5791314
7926442
4930521
11976869
9962372
1693217
6416980
340394
2716512
2692696
1557678
5568100
11926477
6032870
3831396
3200985
1980641
5071574
3010388
14624078
13379637
15316411
5404206
15508724
14817297
12051758
13827335
9871920
9825231
12930860
6962657
14976017
2687694
12816028
13259619
6483658
1900858
3839050
5993835
9729875
4982016
9904443
16454522
14969165
16657197
7944462
13273867
5107541
7953753
14455332
7931896
32522
6629291
2038305
9694540
9745661
10586172
9068729
11471349
7971673
6031038
12970688
635455
9085646
4712523
16618434
10908865
10876779
11591367
27210
9534387
7863146
9458918
11407529
13557842
16585911
4279574
8838474
1896827
7058765
15725430
15571632
14764784
3435855
7526804
3615223
3644119
16530044
13961519
7217546
4816564
4694853
3173417
3408645
14769633
12529292
10962416
5122514
403677
7408851
536989
12633595
1276589
13127096
15821418
13734875
12974847
1686658
9654089
3793627
13670086
12880766
4092285
5909549
11004854
9040022
9801430
15055229
11661671
8041550
2707669
7758252
3688608
15277914
10467864
13183643
8524840
1928133
12617469
11083890
6510037
6071593
10811735
11484286
13574994
302876
4432555
12795800
1612614
2043868
13485823
7793579
15927279
3442735
10867325
9321840
743946
14295102
7921965
5637440
4960982
5865446
3309810
9136061
4357287
3250247
6709427
2810815
11124187
5334563
528427
9846862
1697195
7092193
7648680
12233883
7559363
16145295
256861
12789939
16561696
12328975
10552445
1454752
2687698
6368437
4249553
7009234
12676790
9539691
9852269
9518160
16205474
12897404
2159270
13298791
2552357
16694257
5028109
14083024
2292905
10150081
15948612
107465
2374790
969815
8777128
15239504
2340411
7714587
14820568
3140846
3271822
7344990
9299736
8228870
9348869
2342099
181141
11193012
12268210
3223805
15020928
10039181
7006830
14856005
10177472
2234633
14583567
10223196
3491082
4761517
12680516
2324594
8963478
11715158
6905650
11666859
5283830
1994326
10919429
2419417
12499375
7908798
13472483
8491352
8661938
1627677
15054216
3915536
741956
184784
14693024
14462817
9981400
3729835
12758638
16080298
6090737
8977594
10613521
5295140
9409193
12468491
15839187
1310417
259263
8171500
9395470
486241
1951583
3667463
11132193
8552954
15097231
1125633
2343455
10485898
16191285
13533621
5970160
4364380
5041455
16352576
4483709
12607709
9711477
14794622
352097
12223204
5710897
12970096
12423200
15866334
2532126
8940246
15356500
6241667
2032082
11097570
3367442
2484198
13009131
2332712
13339182
4575865
10315045
6666307
14325588
15267076
10433180
4466791
12657033
6886724
7628284
8382985
14669060
7577188
11793461
6326830
11853896
15002339
10624950
12566370
4260841
5898787
1659929
5244476
15231495
1750964
1538851
8336032
13076578
14076509
10604876
1431995
5780112
15134967
7603210
10145195
3647006
758843
1283117
7749679
15528196
3206871
11932377
2568596
3342369
4246408
1987077
12291583
2828837
5998714
13989345
11648055
15633014
5269302
9514708
2814412
12984181
13933831
12002842
12630734
10342338
10889212
14349897
14296839
10763727
16384756
1051803
11365235
8660473
8384326
8355261
15374845
11521059
8298125
13551598
4736700
2196005
6095932
15922981
5569913
12148296
1441013
16295433
12444606
3209259
10624704
4623323
8576308
5159253
5962373
11096492
6852994
7634959
4060280
11631214
12027074
9879479
278182
8384871
1225672
8900487
757062
8489194
15267582
16260133
10586060
10361262
4610791
5175611
7378184
4277163
8957970
3329940
9305209
5163641
3733066
2726303
550511
10321613
12128325
11174899
8679787
11722285
8079536
13040370
2976003
11014325
2060144
10838695
1542264
813637
4068996
6546674
701352
8763207
10795249
7684384
9532151
5675053
14586414
14864549
3518484
13002277
5350242
14365523
2115461
12739315
1452614
9411899
11610410
3850224
1458340
2163582
3807978
13551886
14823681
6192640
751262
648692
815161
12943056
8703404
13265744
5998779
15464552
11305196
9967579
12178235
3060384
15476915
203740
7250790
3853845
11165585
11614327
9846856
7803997
8370257
6285714
653233
10788316
6499527
3205153
10350424
15448487
1143451
11315469
2371477
7598378
6125252
820736
11098508
144768
11650725
15244746
10669877
7461623
7983108
12761266
13055611
9793954
2728250
10636270
10997491
4456430
4170350
4256470
14409900
14089994
11912159
15255701
356772
3037892
4872239
3635694
9849058
4111701
2759175
15622464
1242281
7794078
9150880
7053841
8593843
10618955
7120807
10252647
8538899
11166033
13849147
3537607
11518196
9741062
13458899
12140469
6764034
7214755
3666660
7530339
4000089
16203122
8759020
10895814
12216617
4346391
14390370
160913
11850033
13688599
13656497
5950474
220121
16506997
15144685
808783
2872174
7197067
15168349
1548129
6892463
15512935
13330676
8976657
11144596
1382877
10890369
13078468
2951731
13978954
9279308
15352021
1480643
12065274
14265314
12209618
10670247
13348687
4584261
13170170
6407134
8154954
3089510
10517144
7372851
13473899
14116786
4372029
10216881
11787292
12293981
11853701
137778
13315406
14870758
14899093
12636142
9083971
12728782
16354889
1623733
15282230
12330732
145235
8463624
6744139
9546632
15344043
5355930
2880990
4284163
10910200
2113851
5135159
12946858
11667653
9408853
2028637
7262388
4759112
8425236
1826228
6162285
5557485
11323124
13162639
13855336
1883401
15575980
14792188
15655819
3259400
806354
2676495
7038961
2252439
11741485
13525458
2629121
3124535
6246966
1230763
10321182
14694598
15390940
426210
5579200
7967973
8083213
6739111
9168845
16124577
11522417
16679625
16512336
13944025
4772845
5291478
1044252
4486672
14204576
2599118
8893296
13555090
10265370
12713262
11228879
7374095
2430527
4060461
8625376
11408361
810082
6815979
1096525
13365901
16483677
7471685
2695406
6893651
3852530
6116883
16543046
2329306
3669165
10766782
7590381
10693811
9207251
10957604
9400866
15520003
14112518
15046061
11821004
16135636
6780298
3877832
8110726
14368919
9694404
8048317
11417112
8152410
7968474
10018753
7014468
1548525
4441561
3602137
2104023
14131722
2209860
13972022
15344823
11275965
9679165
3279679
9397772
4243716
12100940
10253889
10876350
16380318
5650418
3227648
15039269
11904484
1429297
11002179
5086471
8705364
6434789
12778181
3546395
5873142
12829408
14709678
2861689
16503429
12184521
5425684
13814233
8534464
8222671
12396468
1953057
15106576
13988486
13275780
13922468
10298415
12384935
14309501
3136199
3691104
12295484
2328394
10442091
7402638
1093060
12365953
9523245
14583288
7728893
15042635
15258466
10571145
2219419
11783386
15917218
14036592
12311974
1307507
10583641
4744219
2873531
13038860
15860435
8092281
3621734
11708198
1869883
10682085
9490580
9155482
10127501
15232787
8131541
9826862
5140483
1137052
16427680
15675914
10350577
11896105
14592742
13925279
14325116
5082642
2266952
4875408
567244
7583633
6728843
187907
12722859
3243194
4834536
12704376
8916666
6419836
9212918
14533986
1588359
15828071
13072394
4344495
11261174
808270
11101140
9271772
11665017
9451343
16098623
10952662
12505150
13538078
4532330
620363
15155497
6028577
6830481
13524183
7181956
4532826
3292232
15781308
2943970
1569508
2083102
1684082
12346523
12715912
12858032
12038269
8404430
6329964
3622563
7394061
6355167
4923219
7814192
12095549
14479751
6009691
1573949
9582997
13217822
2861234
3062935
5919127
4870221
10526041
12396649
4325609
6004642
13644300
359789
7600181
11435720
16366378
1247657
3131980
6041482
16179606
14967665
1548750
2657254
1590489
9861771
6783381
4807051
270745
2978547
10260479
10097444
7799925
7037820
14042095
3857128
9916297
4447261
9447780
8320042
10671316
8849786
4667945
996338
14639705
5666678
8367546
1790007
7857291
15235487
3887934
4042735
4397200
14795007
4379225
12346450
567620
11529403
10592411
11378358
10748853
16372689
11726635
6474964
10485125
3496663
12676891
10533064
12729922
5711679
2381307
14582682
3869344
8016693
6597190
16231144
8279690
12515273
8350696
10142445
1813686
3053279
10054149
13415550
12625552
16635670
13330270
6040308
14642787
6645781
5914011
9297430
14101442
7703870
10244245
2052988
9460926
14800831
8045596
7191853
14411536
13559372
5750745
14338641
8430558
15776925
16183992
1385280
12197260
7333398
1081265
7519064
7885174
7692859
2516547
6479495
2082550
10458626
1953014
5280410
8397555
9495448
16616793
501005
4882227
9697338
13109020
12897200
10299671
6280700
8990778
8110167
4419533
9944823
3800961
2178274
5223846
5204341
7783124
16578421
6908227
14428757
2466518
4664413
12180622
9460041
5384268
4703335
2900897
6881083
10576423
1531556
8944063
15160928
3189843
1349874
964735
11535728
15877151
4702808
5352577
13104431
1160938
15359723
13058831
3698332
15275432
6871314
3696529
12019983
16745524
8401095
15037257
8478639
2482408
2166776
6331369
8487602
506685
10670109
15780789
13642583
15937321
3775830
13907047
5839560
5170430
9905095
4225069
6971776
505357
6771269
12240792
8533063
13938738
14215680
6910388
1426455
1742661
4805000
10951204
15060882
11734106
14640170
14935164
573096
7750283
14427840
4612829
15742655
5780773
5155787
7509037
7668394
14429807
10579043
12286706
5894776
7451307
1526974
15647601
3729331
5766376
2863394
3478603
12295377
552599
8031822
9293358
953877
7897318
6078707
1153546
3897955
14475045
7139589
9820778
363427
11640767
7152049
12387827
183930
10479455
2370980
15604660
3410257
4054402
14277249
8162163
11633888
11835227
8929324
1186096
1417103
7707342
14108766
2900855
10379294
10464334
4494298
2014449
8565897
6322545
11042269
12096730
13924835
9198616
8008313
11636890
1084040
14737263
11065863
14937597
16185596
261502
4995511
8012520
6591210
3929548
3752490
11836407
686569
4473263
11691298
15024269
13206829
1689974
12326157
8610033
6604870
2637790
9455472
9613588
10607257
287006
2140966
3529593
12917776
8348530
1609359
11402486
2864261
5684040
6854767
5227815
1454396
15833546
1226477
10101477
5179745
9712511
7315320
13851222
249896
2590025
8776140
6219957
7396436
9814470
3038779
6182918
11174760
5502691
15417753
7964754
5911878
535917
541669
4586655
1584383
7126588
9948282
12178430
10238007
15029459
15373773
3461910
291772
1996630
9585459
906630
2551846
2363960
7199228
8846541
4199013
14736435
1651234
10809091
3673580
370713
2010177
14554521
5614844
1719953
11027947
2558004
8190443
12556847
5077022
13686018
1718404
12557891
12806601
813322
8476101
194044
991215
3710306
878009
15726799
67169
1748800
9133021
442609
6465924
2416739
12153586
1990352
6627278
13168794
8653942
5969168
4055998
3533807
4747519
6636064
16124200
1177029
14928393
12974749
7662727
2258862
3177989
4584224
4680349
4887264
6991179
734420
8462469
10558010
12286357
268509
13327927
8192645
12803622
15695311
2935180
13977829
3714949
3921946
12939373
15868695
15176749
11995111
5140894
13436449
16534407
9393604
15811816
15811897
5948193
15134275
6714280
1437101
9631753
13167939
3206480
1200959
3008194
116586
3013013
1156446
2999331
14292371
13469595
14076459
4806946
5983063
14644515
3457352
3255821
8540057
3964730
15257689
7521401
15719400
14869881
4545961
5012762
7066629
49340
7339098
956536
15141103
4508388
14562954
11870550
7030806
8320382
9767385
12019609
1356034
3089237
11683750
1252567
6022897
7905820
8550333
798980
10825201
13926943
13587288
14853690
4617120
1203227
15461015
6949283
10186446
13067807
13039462
2056392
6556482
6533308
11626951
5960833
14104980
3860046
15279912
11815239
7016565
10927788
14783364
5734327
801750
8811106
517691
5783572
10662791
10612012
8332766
3978504
4596918
9443736
4539503
6754713
10738425
16027479
15813055
4651178
11005002
118457
6094222
14405712
14300153
12604140
12732276
10293151
15011305
12617288
10487310
11112101
12208646
3793699
5967387
8625636
8135358
849415
10471802
5862575
16526101
11861837
13172806
15919736
11739600
8507178
2041136
3220919
12948864
10035650
3793824
1568686
14938717
3302447
1252290
14172293
6609705
16204435
6981476
1410014
12435682
719270
4466915
14217088
1503404
2310455
10214115
284698
12019092
9680051
10394545
14275567
8295266
4181437
14486796
741768
12052614
13759466
10766801
12284974
3784839
14848348
1313789
2771423
2051114
22498
7585699
16319594
9263396
9974519
10347940
14563649
6071913
9868587
8433784
2524146
16067648
12138156
11553816
9232750
15072542
804182
12082328
14360828
4648944
4453014
14753858
9366733
9502702
9210252
7486843
1261804
2818931
4386309
11078220
6666580
8681944
16275362
1068917
6686106
8196411
5900863
8042330
11930774
12782893
5862397
13376832
1914533
13197189
2233091
10219769
13311345
15316843
2720521
5296050
4600593
10557901
14305440
2118968
12343727
1537824
13813199
14247925
12811631
13876854
15476945
2515570
2374666
6113291
6481329
4938208
11898665
1050736
10578540
3657085
2165600
3975943
16431360
817240
1880736
11157523
14370440
15708983
15012028
2119260
5129617
6505233
3619728
3717602
3181006
8641952
11995774
9595692
8530699
13958268
10008167
5454496
9818404
60516
1015406
4666009
12341630
8778451
6649963
2800745
12414943
6522728
11583591
14718471
12663004
14937991
8721901
5060849
3468957
10936009
419168
13704252
3052891
760203
2654837
9483495
15680713
5000332
2453551
6270000
4854754
4925800
13180144
14736673
7017109
2960766
4097122
7059077
6567762
8109224
12910068
16642166
9711186
3800664
6597941
6033730
1044230
6298874
3912925
15402945
14006570
11641833
7257635
14307880
1743186
1107930
4641302
8339416
13673031
12442178
9909448
4582756
689873
6198656
5610334
1242979
11707331
4538751
7075090
6408448
8865218
15061098
13554163
7572926
8380979
6378361
4449695
7008087
5331903
5300518
4223916
6721682
16658348
11907963
15248746
1795604
3759822
809431
16498785
4057538
9293801
2182930
9583258
5499515
6383528
3511722
6982874
10013720
8117805
14456393
4844105
11952059
4251354
198997
2159612
13567256
7101741
14882972
9646274
12660788
1084283
11142628
4529785
12918674
9643026
11384325
14295699
9383456
3262746
9149066
10878625
1128907
13189196
15239496
4798920
16209482
10044344
9184459
1103134
12359026
3776883
3023151
3542921
2578708
3714637
5066854
5514559
13043001
8237323
974700
6258400
10416910
280174
10206858
9613227
3937946
9102579
14580720
3438402
1542434
12991271
1232450
15954256
14625047
5836343
914795
5559658
12002012
16500981
13252795
7476711
4966665
7716932
13650347
16355159
7275100
5279483
1795154
6887754
9314849
15151348
7163160
4278529
12107913
3363888
6042650
6102443
3947322
1051410
8400054
9591690
11938364
4554763
15632333
12664392
1075984
15162727
7074190
1473466
1124953
4312207
10143210
14444225
6317483
14290260
10690039
10884197
11743493
14886793
11859518
14986979
6195887
13392815
14694645
4698569
15528891
6329433
12888376
2222400
10783534
16601468
15898912
11919348
13569692
386362
5385681
8662424
6570892
4709356
93494
5717271
4155419
13809771
1710173
2176599
15967009
12046824
8653462
10786
1341819
16165053
8044258
11587370
7703855
2352346
68096
127476
11860986
16401639
12733353
7502628
1473366
6878014
7610361
13412291
12689892
3094920
10150812
14225040
13543560
12233019
9597119
6867227
6268542
14024454
4645633
8284766
2446956
11872694
13475464
12105543
14513349
7242803
10312404
6521825
3172267
1406752
11613811
15237618
785571
9010623
4362537
9794979
13546059
11066021
10352363
11316740
5345268
1213164
12917154
725856
1915581
14699501
70594
15737694
12616229
4073936
11810080
11468554
9744886
16096320
7078985
16239098
16062238
6727070
8253692
11056173
15041236
402532
16169739
4779579
1733717
15025934
3145084
6001214
6338111
13133888
14970641
1442054
3553509
705643
6700853
3557379
10177414
6682109
16036341
13672005
15685618
11492199
12077032
6426685
8436832
3154846
10784891
1902529
14302624
15423287
12540533
5490985
5738921
10070013
10243406
1712791
7231382
1196886
7601771
11865908
2363119
15586092
6479795
13175223
11335003
6997807
11931565
11547416
15942154
8711061
8355444
13683562
8954387
14529151
15571685
1506821
6192644
1477403
5698748
6998270
1124062
12486676
1352616
2663243
13208566
2697945
16490064
5079395
11140960
462
5969713
939259
2187678
10729397
4853121
5791599
7535676
7327460
12346490
15270856
16554284
16239071
13266145
3731126
3729059
10082139
6183059
4664217
15915140
12572910
64220
11159676
2125185
3730664
14536562
9142879
3995381
10712036
11062018
6781311
9305760
3832215
6555911
5237023
14759493
9681023
7506451
6980909
7332959
13476388
3122700
15945214
7417986
9441328
14695272
15298563
5381265
3250245
9573613
4333508
15904535
5233177
13133184
2660016
5389512
11466348
15602570
14790437
11591335
11429700
8398083
15029484
5800224
5960844
2266811
12298350
8184583
5349109
13673279
12908352
3016817
11779239
13003827
1627335
3139492
7065172
11828615
2689092
8283767
1442004
4191463
13766017
1412491
6974851
11518624
8812903
6028390
13505464
6016955
5920870
12784095
8416907
4516428
10843714
8501806
13810880
9801778
11878128
2877463
15632914
955479
5727815
13009877
9401709
4310343
44863
8389287
4903277
8136055
6820010
11704305
8999566
6992921
3480839
8303464
8405171
3872858
10836779
16411464
9786345
1902526
13898654
4115457
4625141
7347984
2677356
7640197
1435069
12101121
9741482
10290455
8995376
12756618
14582346
12420894
10455005
647275
14731446
3797656
1336311
6417597
14935813
13122369
4796000
10518368
13333567
13309033
10106304
13226888
15436170
15554615
13500743
1021248
11831734
227912
4338191
552415
12301174
805993
4981165
14907340
15546513
14000807
10495422
10587531
6179593
4207261
7505173
7064841
8424813
1598306
5440209
773919
11836468
11810131
9456065
3186012
12450655
6836928
4086622
1045891
9916251
16745141
6855302
13680007
10686767
5962420
1955232
13026613
14684244
13615845
2411077
9680300
15207705
12081700
5246558
5188501
6895980
1216481
5228179
10429833
6737638
2843371
11121083
11035809
12107523
5220575
40677
4313690
11318627
4467412
4782406
6593974
13214054
14197179
9696445
12317491
1610187
9009205
6072068
16056127
14663641
5377492
7985875
3767346
2958807
9474120
7266320
14750611
10741760
10835551
14622964
1063802
13444464
16077149
14953616
2880145
10829482
553431
1045315
15295276
13012776
8831813
7372395
21022
289975
14279869
2843606
13563301
14863723
5821155
5746456
10858418
13407850
5962686
2444226
13216066
6176358
14263367
16687322
2941009
11694190
10304986
12362535
7444626
6208665
4384252
15581179
14242344
16397347
5438356
8850583
13518901
14276027
1623470
462209
10303050
2173328
8279658
13953121
8999506
2674224
16032750
14365920
15459676
5545234
16775279
6588008
835031
7744456
4615254
3870261
1790405
14745789
10021319
13471867
3256377
9089197
15988776
7282246
11089420
1696932
10287963
792667
1021813
10797643
4000843
11500492
529099
1737012
11091357
11886139
9452931
9825427
13183774
6927381
2210438
13531919
7284995
5042360
7834979
2796942
10241371
2543180
2094354
5230449
8699691
12739251
6263182
11021933
3834135
8073666
9712271
806168
7780213
10121525
16023975
2913823
9856624
4094551
1623697
11318963
2427275
12541024
16722449
7324582
5782604
370643
7762270
15641318
9701221
15356927
12941308
1519090
12888314
16028132
12847548
16341690
16759272
5519792
10454462
12443103
3084684
14201755
11264616
4709169
10420273
3800666
36823
14972426
4671857
12072460
12099630
15337652
1563394
6129458
14256180
2281575
3925725
15721509
8601524
12507985
12117573
9817859
7886148
10463570
11171495
4857036
9438324
11012339
14958467
8707318
12080750
11622649
3214290
15168326
15849080
6296599
7874929
4882881
702287
6425743
8155025
12678356
11389981
2660340
3731507
13255956
16765996
11196526
6308007
1568706
15493917
1666016
13208730
10730237
8427972
1633306
13551706
12805416
7236142
12049322
7618987
13560351
12506442
4304494
272947
5732166
2161724
10145076
3504635
15570582
7630206
2363824
6198435
2735788
1556246
4066149
5730210
16192054
11853878
13937275
10855716
6335623
15739508
7463681
10714474
7283013
10000983
11887559
11580931
8205109
8693992
12967763
12234872
8670315
3084267
4919189
3802548
9151771
10024685
4138960
2963782
13552925
380993
11510256
9005766
15360781
4840255
1688089
16087427
13633162
9740014
1665365
5577278
3305146
311774
2393018
9382599
9794989
13003159
8713973
5937466
9290810
12329808
15943401
14125207
5617308
9001605
15061949
3997392
10130408
1097210
7602721
13019597
2310238
4385193
3951943
3424327
11756803
3685618
7737390
8491827
14584947
16437
10373481
15224942
11438348
7871734
12590617
6337626
2120081
16267438
16300213
12796260
243072
14127732
3835627
11629353
10280378
1952433
14945354
12843110
4543410
9110642
9282898
5635904
6027896
11612915
16684113
3504706
3507005
4971376
8730009
2773015
7162817
6145682
6504898
15593870
16441040
6154190
16448593
10119238
15226846
820581
8994679
10079787
1961487
6483228
7158142
518286
10420697
15283539
15319948
14093090
5487673
5108411
10008694
3710212
16772541
11149819
3915798
16466885
15656123
7938899
5816296
11766388
11559063
2889630
7777862
1070032
1954311
9983657
8497981
7420613
12172815
13260064
13016330
5573755
2290188
12738837
8722832
6273444
8502656
13048009
8257016
13570395
14137422
14412071
13251107
972448
13940985
3383813
724794
11977977
6302705
3586738
5639441
6991458
1078292
4489600
924654
14587274
15211821
16016355
14357088
14090509
13914000
10720664
9598491
7696420
3564447
175202
1960714
15043907
416103
10706696
13189206
15519903
3295785
4109682
14702222
9960959
882421
10554307
16268665
12896637
14754600
16280763
5715912
6796388
788221
16017511
8061145
2857886
12704218
12721435
12793886
1236856
5299809
12866908
4376230
497607
4765360
15525420
14779211
2760475
11911465
7459765
5808359
16747486
6398845
994059
15826663
8729031
13990990
3520180
3850319
4601879
9881357
4026050
10382175
16534418
10526853
12639339
9614759
3022573
15862175
5853674
11879361
1265574
15247926
9074652
4718494
12669069
3215913
2028514
35512
13901859
14665586
14522609
11397606
4472773
11614353
8643018
9610954
2271311
6285874
1262519
5050827
11500036
12312647
15396314
16512207
7377443
11140244
9973874
1567379
5370666
1834913
9471522
12277135
1494455
1846621
9632050
16519853
5501100
6730242
13504863
9001174
7200210
5991261
231936
13573010
14909229
4207205
6882002
6995250
6127419
14638146
14003551
4423881
11638486
11738096
5437707
8707286
5387546
5148629
13272585
14895508
8502450
14470855
14910838
2736921
15014713
2716024
5155610
8352835
15140571
10688302
1620448
7475605
8783419
4875991
1011161
15069359
10294339
13391954
9702863
1981016
13010118
2326975
12288050
6757698
9285926
598503
12160717
10655032
11465366
16042207
7854507
10751356
13924694
12846611
7665477
9900114
3377297
5779041
10454205
972848
14337384
14136617
4221830
10865595
11432575
7573138
7866463
15798558
1168278
374345
2176667
3481585
9533680
11600603
3578067
13598998
10718984
2951946
10280017
7251446
15576585
14479759
15856690
10627754
6017899
16239596
6497153
8863567
15624657
16455523
7710121
15458417
14688411
10253409
3841232
12758011
13740689
14040179
12046589
2856525
13768353
12506470
4408394
3001963
5041863
15055467
14661214
3412424
6028690
3394145
7271199
3642903
5560953
3323655
14108957
16374265
16750018
9936230
2187457
7413350
10307725
6379939
10291579
467129
340604
3867795
12341624
6934267
13922810
9135098
12423726
2967514
4262889
13850200
9846620
224891
6780671
3610612
16591069
9538048
12450923
9808499
2075431
6436850
16316111
10622167
13266307
3143482
16250465
5670253
109299
2874232
4929837
14078967
3892384
7654653
9003418
6070498
6403844
5445362
10105844
16040835
5115983
4540918
8218677
14623369
6927986
16410864
6864948
11600410
13616752
12897352
5642734
15647880
8109377
11749137
1998149
2331897
2972564
3945757
4613334
6826854
16016106
10202517
14780749
12485517
13659381
14568194
11531102
6099603
14462563
7193205
9151157
15379323
1163996
16365381
8016646
15697530
3421724
11127682
12464413
4861308
6178593
11433566
13327878
9538526
8777756
5495012
5418191
15419380
15582247
7070329
11424706
5333962
15642531
2345320
16403815
6892904
4254194
15831215
7565600
8150015
8002981
10983496
3178117
14261228
10225221
12236554
7703531
6292688
15565060
2655002
2584790
12341332
4373085
7190898
15577731
6902591
8838216
3947367
15938461
12539313
15107811
13287332
13584700
15818098
7574749
12696311
5660098
6463355
5713239
302759
7404280
6994644
14796856
13163095
4989959
354979
1287013
16049673
6912723
10177383
15343279
3047276
15635611
623781
6659364
3844862
4479528
231574
16115190
14258287
9683180
13361137
9922371
321022
16032300
13627433
6459887
3845694
11125230
13903308
8396167
14088680
3009647
6920855
689020
10580157
7601492
3221912
4465866
10058446
3916639
13857106
3671673
9439783
7783055
13996235
14456336
2900889
5210782
13208228
14233967
10011411
9323659
12313690
16164103
16684770
11446688
12757250
4521761
2628071
6632475
6789499
4857793
2255244
12247464
2827664
7775015
3317467
13515922
5409051
8953354
3888609
16424227
5824231
14790712
9593468
15228571
7780992
14129034
5501496
14283881
7908574
11902465
3196160
8158237
2803969
10370778
5525748
1881570
2673832
6508866
4591107
15163759
14564324
15982098
15692575
10723766
16478732
3868073
9857579
8057510
13587330
1034724
9062828
1698217
7784001
15598517
13282571
12487052
7053609
14463948
8061581
15930370
6388995
11966567
3192893
434758
15495463
13282169
8138249
3740181
8360065
12062296
13308632
3909056
6382779
16177249
6432634
11583952
354248
4918880
11854709
16352459
6255022
6222324
15098413
246878
43639
16394601
13938570
4484121
13136462
3070289
14893989
2482142
6738348
4961798
3512222
12485544
7555791
5084088
6703827
8263553
14539740
14340478
11660854
5386554
14034415
6263219
9234594
4837209
6660188
8646168
601169
9856357
15301608
2316264
15917642
3781076
2496246
16652627
3147965
12937840
9822593
4772268
8597781
10829927
1377901
6217814
7612607
11266072
5890766
6674620
587999
16712275
1937592
2183759
776732
13138673
9088214
8949807
6750340
2893543
14868969
59647
15566843
6023134
7731354
8366404
490433
14897096
5372438
13452945
7256361
5570791
9676076
16125730
7143354
8431345
15330056
12713336
4595706
314272
14945363
13398199
2925735
13232187
9051601
8371697
16540429
6690201
13641568
8725083
14454929
15278319
14330512
16556457
1795239
2800906
6864353
7341687
6498213
293738
15902089
2564982
9734806
16242185
3627092
6179922
3938617
10886716
14223827
8699256
16138875
12651996
12870453
7517101
5949379
7678818
6385320
11107474
12428587
5898350
9274522
5310309
6372240
7223363
6824506
5113835
13427730
11642504
8801494
16495644
5335904
11200809
8925628
15301322
7462846
9239054
557276
4125403
2852115
8816826
15727800
93334
13274257
9402971
14965540
3928744
10962252
13679255
12804824
3702990
2300070
5228046
4472762
9684543
9629635
9505151
2036623
15155149
5341977
11241152
1742793
1102643
1620647
867717
10679051
9411816
5539582
5752177
7153653
7312407
7557757
4200603
5593038
13941942
8378980
4183770
1066820
12844850
14301233
14584471
5521133
5822670
251060
2700790
6636187
3081127
16223389
11977132
3622182
5172655
16758767
70492
9874623
12165598
15855645
15657739
10630350
14812406
12020417
988884
15691947
4002858
12350605
14358342
10334511
9835069
10379290
12111616
5384230
14684973
16245773
8802941
8728422
9185687
10352960
9764576
504667
16723234
6305800
15804449
5615422
10767751
13485220
8196802
11438229
5761717
4931278
2364891
12748505
5969379
12013348
15433350
8100989
10289045
11969671
13735991
12980071
9956419
2395544
12982019
11508680
15487332
1795188
11261812
6354248
2968240
16272067
1759616
7734531
7220301
6577402
13122441
5823899
5292432
11118116
4312105
8171077
8247787
12542075
10261525
10374546
3166021
3428355
9087629
16386651
5601988
6375888
13763191
6187826
7293285
10879695
1406404
12471040
1867327
9809249
9256763
551988
8470759
11846926
2981179
2708618
9935833
16706180
8383017
16211918
6090741
13900849
16160345
12237490
14156406
13109945
12949857
10518353
1089732
5332223
4684337
1429809
14293018
2428241
4899643
12557957
4479098
15448643
14885768
2623604
11525720
1500844
5910000
2993539
15586117
15434323
5095968
3211152
729362
6290875
15353078
7759706
4820267
14438532
10901779
14004514
7580166
782910
12606935
10510133
10873979
9088279
6711714
11814927
16153275
12503669
1670166
14566587
13798033
11853025
5778010
5877127
5982352
5524052
800197
4743963
13627115
128054
2896254
14625727
14975059
5094216
10152633
11791134
6703433
12432899
6915400
5090343
3520194
2122057
13304893
7304845
13131815
16715324
925422
6555772
933048
16343507
2719996
14155310
16454993
7176790
10235561
2089597
2727579
1461555
7557631
4552372
12793779
1722410
9539593
2086447
6715367
16744756
6199901
10933925
11203031
4614263
11868356
11943854
8606544
2520156
3995370
2589446
6522124
3757134
967470
2524666
9140777
10482299
1048913
14745000
7978806
867035
13759747
1670686
11029319
2557125
2940875
16325590
6623097
10130736
12887666
5700396
5153202
15927746
7033948
16744895
13195966
12568455
5655627
7606070
3746889
11995313
4104288
1182746
15832358
15877859
16213435
10897768
11403524
5048944
806014
12446939
14258406
7829225
2944691
10177463
11060233
11747238
4369575
5081265
4387263
16655699
8602778
223155
15975018
14959365
6955944
10564492
5314433
5980621
4951043
5757930
13976470
11951426
15169003
2512426
9474754
2735266
2369742
12580374
10668025
10787907
9606894
6870161
10781740
2633943
871975
2512111
3171940
14398224
3712080
223415
4292461
889540
5830697
13653229
3672720
7337900
4780152
11885797
11014542
14265364
1922718
5086382
11939887
2865321
10843042
467738
10775628
9251853
10142567
11753253
15527994
7465373
8227806
2641906
6550581
16355414
4944930
12375840
6469846
4415353
10747842
12356792
13990479
5153757
4627862
11269032
9782259
9510518
12404020
3947614
16749430
3104938
3847912
10177720
5877083
3803658
1554453
6868612
5853439
4369416
11804499
7506314
14155281
5762366
11906457
8224081
4341189
1714854
1225577
9877600
2022239
14773012
1751260
1814752
11934243
5119142
493277
8314350
12125709
6073941
467786
7904400
12675037
14222551
129743
14390044
3115211
2551983
219252
14627076
12903812
6189545
11449460
4344951
14884720
16394247
1363950
737231
5062225
9507933
12410535
14652411
16100966
15048225
14416933
8489847
5466129
3291895
4932481
11895105
9295323
12100428
15881714
421149
1513121
2300302
10793885
15724159
6824976
12278073
7931372
11363197
10819489
7690432
5879801
4425106
11470134
675933
9185259
3788225
2465243
8071302
5887008
12572543
13361693
9101893
12365635
254783
7672138
1487923
8448574
9124358
15839247
294469
5430321
14515912
1546145
9341567
1792336
13840033
13755655
8448424
6653988
13283460
2965077
6444610
12436353
13546239
5207858
4738139
1390020
8193641
15759066
11795536
11293719
14097467
13374321
13251769
16554753
6999442
16621090
15629289
13966729
14732719
14315279
5649042
6720333
16745525
13589675
554832
4184737
2083050
8758871
9994580
12925259
14232617
7738482
4949988
2295956
3234581
7587631
5608496
8981333
2995137
13081385
15380543
10548968
6994484
4757892
14362754
867297
5640187
12168873
2440304
8896648
13297493
1790097
13777120
8609848
130136
9906031
690198
9872917
15982939
1309016
7688997
9585980
10781982
12305679
1526808
16134278
10472929
5115024
1620185
441719
2048810
14194323
8341677
3409031
5006531
14344180
13473025
13282391
1490048
7312904
1358611
4321406
9135954
2100014
14094750
4758199
2691043
976712
16740456
7955841
7662897
15983597
7515768
1658295
12045940
7341092
11126581
14344896
11733924
10388877
10967087
2701205
6025720
11122607
10687328
3019686
1990627
12244882
14416390
5630677
8276044
1724493
6062480
3166765
3024431
3813305
11252074
10586586
2370450
15066801
13926678
4156812
11105771
9555103
8834559
1112099
5226354
16241195
8460337
12047114
11936051
8689146
13466596
3924425
558515
16164822
15941089
13074429
5435906
8233809
683977
14879776
11096145
5634840
3409052
12008009
4835318
3519326
13378563
7121709
12234839
15415796
2635807
10364942
8250216
3318862
8145938
16372116
12820047
7734103
13070965
2341366
13977117
2131132
7566239
5216302
13827008
10737275
9410995
12503310
8235646
15599256
598553
11786639
12108615
6577721
11191200
372333
1160779
9184448
89708
16004356
4555721
4052535
15814866
4236354
13991299
15018416
10371755
3968145
3039916
5267080
11921942
8326440
7579219
5414314
13392745
3231777
15040356
14167639
8625931
4894746
10761163
15919208
7489510
6187174
8837023
15956458
16002705
9931284
11411848
6653545
389407
11951063
4449594
920094
13692297
7630017
8423486
4516970
14796319
3421767
2126267
14560639
12600878
12802563
2931133
8488025
933975
15107012
5959295
4242525
2900777
4629354
1189030
6149018
2541726
13314178
13261596
14186917
9044214
13389723
11254506
112383
3169927
2727250
415459
15530755
660717
1384354
6113081
4901698
10320531
1782587
13987847
15261940
14291897
10901400
16248903
12012551
3571354
8364736
13836150
4372885
4943632
1872217
3037391
10789017
13078976
9285301
3155895
9611197
13175432
2988531
15607767
13747734
9494075
9006429
15868345
10800576
5641213
15487012
13703744
7753195
12036412
5382998
12435141
4633543
10924713
8928359
2603822
4697995
624768
15245110
8880516
12549017
16036924
1645011
12094162
11957840
9886962
12468781
1533638
4444533
3239303
13839221
2333179
10669032
57749
6574842
14229037
7835237
7386141
12293389
635480
9141226
1708411
12201138
7954448
10803040
14969328
6190225
12069195
335548
7525734
13449660
174772
7756605
4715145
13741035
12636148
12298409
12011445
10537922
10073912
5614422
9565847
12240431
4079664
4599809
10927737
97271
4056997
16512098
11881799
16201412
14273867
11904882
13331146
7927364
10752964
9117882
16119067
2771062
16022867
3903002
2262422
1366960
3257234
2312942
1187117
13654667
12039402
14948469
5095129
3805731
14982641
1632077
8152650
2888745
3690465
1749784
15485472
7021104
11119381
11465064
15640789
15638230
8906998
15762958
1428042
382824
12228238
4708162
9932264
14587613
3601386
689761
3811869
11957227
3222617
15527962
4075587
1819417
6241799
12837829
4893130
10445872
9469703
492162
4359044
16666947
11945804
2833674
4813756
12455005
9442108
5737709
16314655
2681764
757657
15977186
8133935
7653663
1591138
13704259
5366520
3918292
10072856
6621151
12641742
5531313
15441448
7161500
14009310
13814527
10197931
1084617
5259100
10943362
3199633
16570820
15904008
4479735
13251653
14614557
2063995
10208170
3667961
14016319
14610328
12652527
5831152
14635800
609910
9083244
3399763
3046669
6435867
201791
4412397
11567910
572052
3692438
14187493
9289639
4272970
15344149
9961429
2364449
2348401
1359740
13681307
6453334
16354380
13414327
15219033
708348
9351519
10058421
15725853
15090286
7245439
6251543
11941983
1846417
14646981
13793126
11941241
768781
11452883
16523353
14061225
3887093
9593582
486677
965674
7339792
12364077
4131669
13011065
15815004
4709706
10605888
10644944
2173606
10497450
1088248
422094
2285252
15141300
2021877
9545681
9837106
15969277
2427468
13213440
13978370
7605727
1798574
14175626
11459301
13958819
5705436
2958212
3389680
8503733
3372482
13737999
16402183
3678175
10371053
13536725
3420184
4594128
1367802
15735268
10312591
14545937
13974714
7241951
13169898
5930997
1621610
7195718
6685716
1776448
4607155
11587725
10585034
15515434
9797415
8970214
1996642
3517542
13091879
5016938
1186970
6993597
9217232
16557382
16262039
11201492
4799143
13052806
16699196
15863156
16342575
16575094
2531515
14780934
11654884
16390983
10991324
14314587
6901780
6892942
14345933
13057552
6216852
9763995
10467914
9397386
1774092
14534421
7416956
12468665
9546789
4746
6294872
10678054
10902554
9599507
16019792
16530702
12539287
12854897
15332680
2467374
16170307
3785111
13333837
13319170
9802939
6766707
2071373
3457511
13558588
4710169
8753350
8093662
3787047
13314424
3508067
12865869
7946034
10635219
14316011
4956682
12991278
12015980
5231582
10847049
4114976
9080757
11389413
14093264
4513071
14967191
10919904
8558469
8450210
6136879
12138842
987094
7602366
778840
1005004
2101322
2973870
14700466
10911414
1180196
15924780
5748329
2370783
6709007
13667243
9797780
8361672
607201
6398343
2990221
5004875
13967076
10697788
572127
1528401
8810686
759306
16605577
5393338
888899
2031005
16043826
16563589
16169146
2380836
3062356
15165739
9896569
8503311
7868334
10446548
15436624
10165246
13178925
14153177
5872495
4467950
9324442
6974910
15834864
9687241
15608263
4771907
12290026
12122172
6605885
4681576
9932511
4594073
12772508
11298718
5711693
13045812
4421691
1675624
7946477
11293545
13530801
7218111
6900012
6830768
13164467
6070901
5364043
8765598
9115429
6521637
1240775
11873155
294126
2149192
3231956
1476828
9368751
14244095
3403735
10253041
13596299
10197530
9124865
7632862
6478370
11035932
2468738
7413327
7016484
4182139
8232256
1431932
9436
1111225
5237595
15939993
2174611
5264135
3784528
2705311
15640721
3965052
13382916
7635399
8418511
5742462
9826962
14408488
14083373
8446594
13171982
13328941
6366431
3453260
186255
4310530
9817526
13297263
8845778
9283817
10997370
8064806
2581903
747949
1322750
345477
13211826
5661863
427267
3541355
1170408
10433534
5275745
9078570
4927983
3793751
6845394
2208603
241012
16008041
8130097
13913486
13207182
16571968
10707828
12506160
4263490
1460654
15695478
15662563
11695487
8251622
12779915
13030613
9537420
2072626
15764961
9159299
10767494
11868812
4850093
6043019
12538903
13799788
1407322
4936356
2557778
9364547
59665
16139868
586602
4582365
13620641
14914440
6489050
13461949
6555078
13111149
7299460
14067241
1598857
12200281
2853146
3045628
1638957
7418930
10793391
16088576
5892137
9130885
15818295
2835733
2793481
3682976
1052354
2836565
13949966
1174135
16180303
12446151
9263216
6501800
12271236
6392950
16230712
7413499
11096819
14905723
14541345
5027221
15247041
7190439
6379098
14039281
412416
4577766
8303338
11222747
13488991
2190656
1297075
6016304
6976011
1593129
7926416
14853181
12809317
4829796
14035495
11554372
6977471
7887796
9211881
13343123
9456590
7662741
6430219
7567731
13623078
6976606
15451349
13442264
12500105
11152466
8159515
1646437
16231424
5974601
5696662
8900641
2642031
8612468
15241826
16375309
1182043
10535857
7019542
9408694
13017287
1237899
12989028
1044736
1618748
9398703
2507910
13870808
11296652
15033443
4857771
16368678
13534819
11847350
12699301
498061
16643095
5258339
12832042
15435349
3675727
5832821
6515277
2438656
16459230
16037377
3654066
4213603
11213294
6036646
1167817
8739229
11995840
4182428
11601458
16445915
6896462
9143468
15291208
5538584
1301938
3480889
15941014
5524294
7925730
10613094
381185
6704812
15609194
6278422
14425087
16044501
4727719
16264864
6757912
1873865
5162561
2522383
4007736
6609723
7528624
6901033
6213727
10726279
5455974
15170192
5998762
13775304
12859221
12773844
7147438
196221
7381749
4447856
7808103
15902906
1271042
14287656
6101308
10899979
1984877
14451054
3374012
14615349
279478
9001873
11834531
3561376
645334
12507003
12763330
675749
7292007
1841504
9909256
8805651
4452782
15890736
9614446
13381312
11492287
3165309
1190698
7718741
7924378
11131813
1078769
1275387
9334968
4379439
16434972
16381148
545363
11988954
11938263
10456063
10563978
16211098
16202927
12351003
11982189
490412
7708133
15384857
445975
7290754
9373280
8492357
8278549
1219190
10903420
15992241
15150380
11005417
788219
7686821
8827916
13280619
13117501
7540342
339441
16558359
15724668
15431629
5583245
7196408
1119783
14672978
12671525
249588
7743377
8066001
7446119
14212439
11457041
7981382
2746618
3667560
11883306
9339983
15692676
11562597
11105833
6672096
11117600
8200239
3799165
5013146
6300060
2143575
14572893
13666835
15211523
6422507
3374223
134238
13130262
7577922
11620234
10939408
11826274
9999275
3328217
13859740
4458762
5348856
2024428
905826
502634
2739169
8027109
4986129
13805373
11716164
6663085
8459236
3590120
11260534
13905626
2604930
11674063
14185422
2185138
776756
11614027
15237176
261902
14178010
9446863
14033290
9649634
13279596
1682504
14814803
3586917
10251047
3233745
2461845
2783778
5574054
6059514
2019062
4554094
12209872
8690070
12842840
1048606
1685089
7946967
7114093
5797611
4618268
11884446
14953797
15817651
16340459
16143317
3647501
4360049
13640262
2563865
2156423
9100668
9379743
9758137
14321397
11589223
8214845
12447194
797421
1515259
471334
1153701
2265650
3960526
9703129
16481993
10038263
13406758
1234177
2149157
13601048
13570867
5402603
1396660
7546706
7381325
658520
3648621
3689996
7337149
5386202
1123673
4605182
16658617
7075371
6227624
15170086
16465310
10764082
7632371
12125154
4494130
3371004
14509460
10251539
9433972
9767482
15068650
3217376
251046
11466634
845509
16458224
7172310
4865337
8310299
5162300
15187249
12919220
10800637
13073763
1157414
5694141
16317155
9517398
3816168
1791296
677789
2667681
1366665
3306281
2865980
2476764
16066109
14827980
2970658
2110288
10282694
14579559
9833581
14921196
4455946
6334759
5265471
1754217
1813244
13193363
10742754
5062160
6017413
13129900
3778157
3667078
3898806
15225152
15724479
10716598
11453861
7011395
3046754
11019612
10272679
5864734
10842440
303955
11268533
4381839
6188390
5257178
1233510
14603465
16307140
802573
4825027
3951271
7490375
714761
2289584
6809242
2286246
3886866
4853279
10568394
1778272
9708875
13994911
11627242
8224359
6505286
7794929
16282242
15442104
5311215
544762
11882626
14464986
10824668
3399332
2554015
304554
15567481
13152520
15279189
15035731
7995759
9611707
256274
1621060
9622356
3086858
3940238
4928161
8773903
7240802
8490733
10946818
11722274
1076297
14516946
5399087
9892785
1528828
6219888
6936248
9700468
14571513
13220300
2817781
6521186
12564596
9636510
16684984
13374747
3849389
5760230
9643352
4446397
12354195
14807668
1617777
14691452
15608686
15635017
15227517
12644660
8114523
15003725
5417946
5107200
3823480
1471151
12790905
9113831
2662921
3008150
8206755
1628977
1568557
16124186
10957343
13801969
436709
11083379
1045143
5093914
9375284
2771175
3118255
3479525
2842820
15575460
11795978
5976178
13998879
3622762
13361595
10434559
455333
471375
11413281
13946482
10227421
6629208
3041535
6598009
12924885
16128396
16187405
12154676
2037996
11175307
7109166
3149683
198715
7799765
1128906
10152218
2188526
8531914
5453617
740747
6653833
2678308
5562650
10630498
7678700
3523009
15924207
1933904
9305948
1389566
7243643
7300847
3524653
16232407
569533
373326
15725492
10911355
8177041
8014564
5055116
15546149
14848251
15491659
10692916
14472233
10162841
280857
498341
4491555
5908125
13612244
5542303
14102093
3449273
7171386
6638188
825666
16706023
4118228
6959849
2700888
14142478
6087528
15171373
8402452
8567152
2111222
6013106
6423211
13574223
2420030
13644137
1595973
9263248
11567424
3024848
4786345
2563832
16029041
6936034
1594364
13715330
14254960
2303398
8866536
5659586
15476032
4169674
7626588
15146098
16260357
7702223
7831749
5506391
6446505
8792665
13880058
11683642
12836379
12121249
11474012
5138391
8579924
15347572
4852140
11854551
16402313
9380243
3969843
6461663
12775196
968716
953336
201474
5368999
4152327
8570564
3873852
14300554
14446213
15672353
6062289
4894172
4857440
10672202
15791151
16767855
5303495
9448413
2591662
16047256
13459261
924328
15172993
14674221
14822434
15814519
5102021
4079414
15216551
7476691
9585409
3400990
726779
15779084
8760144
10920347
244581
10184428
16202615
7486051
4281913
10729793
14912332
16509043
12078098
9996018
1848804
12287422
1380180
8448748
15957107
6650378
16472997
9032351
2492689
6595028
1122025
13285554
9397251
14305616
15712525
13243166
270381
1546300
14987992
12642450
2986908
13553726
14096368
4309597
13863721
955744
15667417
9874767
15808100
5992071
3291127
4521374
11603679
14491785
12741695
4447406
6270165
12346367
95574
9526121
3020745
2975074
13392903
1849334
9754787
7670896
8951012
8036769
3009069
8570376
4130544
9877522
14362018
12634478
6463659
3149522
14124549
10322199
7044589
4122969
14637595
14308370
14266443
3108357
3442914
174448
731646
8472865
14067018
13229288
5686582
6271601
11257374
11315197
16089585
7074141
3146843
12615602
7603358
10079766
8339249
12726617
4212784
7192228
1451990
9542987
5657615
9507244
4160444
9905318
7607603
4253752
6922982
10740155
12542623
3271385
11177457
14969262
4848074
2831176
4460760
8415366
16096839
660388
4203374
7321984
6964672
7777034
3396084
10065405
15580360
15685337
11936394
7532286
13372986
3068231
41690
13814095
7630676
6794019
4402903
716075
7088320
4701110
8912226
11430081
722066
13153706
3427302
16249251
14215446
9716256
3692235
11412921
10109081
12521959
5562887
5621419
6831532
13181019
14173756
12679377
12838774
4618901
5706178
11805884
15251783
920308
14696522
1750937
13451690
16302887
9411471
5146866
8267947
2089627
11559548
6284603
4587440
6006194
7888802
10681468
2579939
8743063
10871406
6187465
15497989
1665701
15658478
10977525
9414234
9761159
4660633
6992125
14196932
6661793
6086517
13296051
7390530
8887898
14631902
3476555
73193
985931
6308130
12757541
3506577
4552988
13296340
2700432
15911129
1810853
1191931
6785621
13671111
2996381
15623160
14338078
15876623
12815854
9824611
5292018
10578616
14674938
15816424
16297041
15549966
13352147
9568493
58313
6318034
739030
14059492
11974505
16682511
14486187
14358035
6566526
12674598
13839147
7472089
3178167
14960084
15935866
6857899
9194169
3779419
8668804
13635389
14319321
8699338
6603235
5391590
15877553
539865
8455139
6497143
13471514
13730093
16610349
11118518
36708
9494208
2038405
9844992
5276971
8314275
14312863
6872193
7416180
7339099
8145120
12636034
4496299
1145653
15450952
2922684
15212526
6332327
15738257
841955
11450822
15683156
4663165
6804350
15414243
10205692
13174120
13264551
10461285
9304896
13915174
8810962
14024201
16242466
7269122
14346874
8677820
12118898
11787549
6382211
15479864
2478634
15063160
15400510
12595516
15440933
4014654
5314548
13150522
12953734
2305743
5991299
4601874
6095614
15457558
6629970
6767669
5849297
5881399
15384076
10405138
10649616
9591540
16490618
16754909
4151335
8481725
7226002
10063098
16720358
6390483
5335068
13218234
3536883
14449166
14937252
3879850
1130388
11382756
10090387
16400030
16262986
7336834
4930023
4044027
4287636
11065526
1416985
11405062
5939051
7918305
9036984
14050952
4986880
14430759
15729783
14624507
14657317
13733111
7779014
4038454
7906596
2668196
11673709
14807944
16244012
7287672
9727294
9689084
3491378
9750144
6489610
8040350
5734657
6889639
7207028
10013936
4740413
12035541
4538810
11902852
8609508
11084454
14732858
2851184
16077648
7345739
9843920
14004812
5072013
4615179
15659430
1395369
11241480
9878256
9588037
16082605
4109262
7115173
14642201
11378458
10919016
6137044
6702669
14752620
978528
4998151
6153620
4263988
15341769
4032718
1075096
8909448
1630655
10137441
2096314
3602781
11689356
11162947
5753731
4727329
13743049
1794274
3765670
15536198
7954513
14242952
4986686
13187543
4775202
16506394
7589428
14307502
5201116
11503479
6879417
5333504
3356031
3050102
2678888
12903613
12677288
3144554
16224601
6776149
9913584
3539229
16367577
4291119
11501590
15437876
7690601
6734227
11449398
7046971
2324155
6008943
11166460
9564856
4622172
10104372
4334570
3684125
8770510
10920574
6424082
2864388
11719075
2788706
11485804
6565142
4744209
16170221
14046135
12259913
15510696
12907376
269676
12518951
9161648
556199
10354965
6605364
9423963
2155541
11176126
9223251
8276382
1598376
2737566
14469027
15413105
3816657
14715375
12367614
6431916
9830246
11007462
6115678
4004085
1561650
15143429
8074922
5553726
11811415
12854167
3224881
1583499
3960137
9605175
9115614
6867046
6476546
2816160
14119604
14218277
16185439
3645339
8369738
3173258
16062584
12636799
360867
15589291
12557953
15852064
8110516
14868829
13335538
7096306
12837702
11053300
13177946
5984115
3442339
8985018
1633970
12052669
15993150
9655244
13429478
7407960
4808208
2810857
4156971
13125434
1273102
13240594
3435196
10580396
5318961
9316347
8249885
12491766
8096484
2072133
4872372
7256478
16770073
1595377
3684991
14040894
9033950
2836521
11444222
11441388
64163
4445621
12613102
5247159
2411888
800300
5598754
9033341
6125260
2125041
8591494
8731070
4516617
3175026
14316732
10321037
5605896
7437963
2440269
4861363
16334759
5894548
9849611
8510853
14252568
5875416
9770010
2190803
28381
4061063
10736005
13638423
3724350
6385812
5661074
13921562
5253392
15792993
2488864
10517241
5130108
6200460
1284081
1524449
6103531
8027013
12180997
7282139
5013512
4641824
12137314
4009656
1255700
14240602
12144741
11165805
8456646
896327
16129654
7497477
6883921
4993879
15544051
3723360
7014633
4965345
7172565
16149094
10026122
16247680
11480139
14488955
10530538
15858752
11654534
955688
5916865
1908492
14658597
5081874
3023493
13592628
11178100
8361274
4770613
12739025
7150029
14962347
7643963
116529
12628144
14220749
1151977
8890810
10067689
15027285
13396706
15880810
12766644
15938056
6711278
12312257
3270596
3808935
7044196
1434657
2218606
7519536
7996031
3199031
16338465
14127125
12403848
3692405
11193268
3991123
1066628
15405942
14705557
4948961
2941758
15023531
16414419
4531564
4481989
8456082
14573247
11597006
7661361
3514304
723152
7503995
8418388
1332533
4920740
11106172
2169398
7904601
13245309
16300396
16433739
8875268
10490046
13160787
1978981
12859857
2532194
3373036
8763320
7844314
1860492
14055478
2828684
9646483
1255829
5355862
10891022
2040502
3842580
13515358
16468309
6150876
6360591
10123302
1599305
13257809
400975
5656931
1863598
655501
13936115
2777840
14374487
2278987
16516029
15979546
14349506
12787663
607768
12076855
3045092
737338
10531907
5540845
47719
9828670
7988915
2664361
15785679
15596261
2644116
11857623
8668308
4885344
2888820
7050829
10391644
385373
16046866
16393930
5071825
15847175
8060539
9585705
16620943
6313490
16636953
11621743
15999146
6565260
13860126
13182813
9052076
10766659
13976826
11233083
7968644
6736399
13110326
16291647
3468481
12797440
9782426
11149944
8905000
12163124
16685320
13927909
13266598
9978156
3608744
1175696
10560496
4584683
11822090
15757526
7633243
3161250
16066988
15522288
12417315
11216512
14227385
5070251
8353608
2960086
14628033
8788521
7161987
3359164
12509211
14065818
960786
11869311
4744863
1784390
4067537
4203838
12117113
4378853
4875967
10904568
1671014
13124238
9104763
7345093
6617367
15910802
3763504
1418767
7025150
2116046
11286243
9765073
13372768
10056490
5656580
4041491
15795857
16411592
2957612
14689424
15946345
5386219
8496801
15929138
3985565
7694469
6691093
9066499
13117461
15555837
12182840
3967452
1471651
13813092
9476538
14706611
10095540
15787224
7460880
11514346
13164199
4333075
15291254
15900883
10307408
9320391
1598739
16635302
3475314
3819877
6473106
12043792
2173792
345046
14901784
5352938
127088
2822210
10775992
5890481
13154781
13033783
11490127
5607915
1737584
1019863
1613050
3698542
468583
13347306
11556041
13175697
8014812
1788038
12041694
5753286
16216473
3353495
2344015
7994367
11428953
10353487
14016036
12674772
15664128
9496718
4726345
14522796
606430
6974504
9815903
6654945
13547453
16104682
4108086
13098237
13488748
12734757
5341952
1221217
10376646
3301449
11203438
8110315
9456349
2744749
16249928
59984
6455040
8501714
5650300
5555869
10597007
1135811
16417662
12867019
2702474
732518
2346953
12180693
8938767
9598327
5255054
16691810
6041015
9565570
8276252
9399418
9667819
9435943
9466055
9538342
15577230
8190095
390715
4009701
14456461
8263606
10027373
13346139
6763580
8805824
13230277
12786618
8229163
11188589
9201406
8349012
3986357
3780569
15264544
16183621
3562457
3350675
15540324
1650246
10401392
158916
3595642
16548084
808082
7920015
10312300
6781751
8776743
9621638
13948330
4149513
12143694
5359494
8383892
16348218
6325942
3001182
10289415
10215232
10385872
798838
13380586
3709247
14759716
16189301
2730300
3230314
9481332
2295217
73572
10794303
4603842
10864825
811385
12039788
7363822
14648035
1097439
2724215
10524845
7793120
11091643
649592
7202729
11240949
10760452
10938787
3114939
3312129
7794544
4562806
1610311
15131591
7129156
446646
6156610
73962
2303554
8049557
430721
6691987
512871
12407376
13381527
9430741
11842182
16201585
11878040
13585823
6447484
12530415
14175147
9095246
5586983
4867935
10231871
1069994
4748884
13139177
290874
12456453
11871593
1045689
5156262
14953164
9718999
5439834
8144572
3708435
5225908
13032083
16770768
4237081
15485993
2422748
12321068
13121803
2557588
15617716
11771252
11962088
12021884
7875120
15195118
6743511
449474
12076114
14178542
664551
2052253
6522254
3877312
4166685
9969210
10488644
455921
7839032
15469765
15019018
6508400
10177666
1319723
5326185
14975173
15303771
5211252
16741127
274646
8275507
6058926
14878768
3918396
4661633
12922920
8781517
1333940
12574442
7082652
14564078
5603004
7039736
5225847
6419830
6414519
15381067
14216
7248257
8884695
16037522
391751
7075825
4951200
14921539
355592
502299
12873036
2586623
12738991
7256004
15835027
11278598
14645763
357460
11529804
10239778
7647188
12944009
6324471
8652153
15820810
4030341
5761068
1097154
11138052
3163953
2695988
14799686
5968878
8149854
2947774
1443718
9799293
10618365
12080240
8662570
4827440
14442225
11216290
14687291
12077801
5276924
3474821
1966212
13036646
4632228
15843588
13345070
78238
11523338
9381813
7254454
14283158
10593573
10088871
3188510
6044295
2726705
4775214
2860767
4554373
9589445
3066867
12683498
14788285
14688801
2569473
760493
8515784
15005754
5488000
13021590
2988628
1160160
5406472
7434347
5063531
6944135
15204128
11817243
16220921
10294884
14990630
15076608
852098
14622118
1996663
11037853
415842
13905658
13651447
9534391
6474846
70854
12141314
1600527
15785251
9877692
11786586
6471310
8587916
2590256
8047934
5030826
12697608
8082858
794620
11578300
10934487
8626408
6591252
8329619
7632091
7902384
15823376
15325682
11096989
11507445
15570389
7025880
7583217
15229142
12622720
1431073
7235460
12735426
3049055
6476619
2872781
15720238
6788596
3650842
1688233
9581881
644207
4405807
12194180
15351450
3826620
394555
12468823
8920612
2895059
2556000
9838206
5953880
16348675
13920376
13368376
4436344
9419767
2443993
22278
3612978
3049609
2303038
14660442
4338495
12724169
30537
14002803
3869758
12972873
3218422
7358002
10159641
11765382
1782495
2885963
10853873
14431343
6726597
16381712
15559293
14715450
7715647
11743104
14946733
16613569
8550834
16548117
2388101
3657543
15528756
712647
3845889
15547447
11728310
9255567
15168409
4782734
605606
771580
4674883
3058520
13896507
15942950
12946232
11317332
7452761
9816846
2436088
935226
12901264
3287618
11508405
12285407
14194692
10604684
3606872
11046615
7484993
8456874
14510070
15282099
10902798
11513827
9519809
7546164
6487581
11880880
11315976
13916757
7057308
5465253
8466710
10578601
13395761
4258545
11756392
16372688
13898499
3312072
3450436
11195854
981716
2121727
15662907
5753661
853593
4858861
4378690
12543124
13740070
16092189
6442955
4982185
8605598
288408
9164099
11057475
7760144
8284578
1983678
16496717
9321671
1670112
5155162
5869770
8182382
8935748
8874453
2530916
1130085
11637856
4942981
5904204
8192307
6554796
1739426
3953563
268855
2242508
8743202
580380
13960053
14396841
6208628
6835295
9194970
2283450
11890909
13149953
560819
8421848
5085599
11865925
5078543
11974655
4251988
13156462
3698601
6595157
15598609
4468284
4816744
9623417
13112557
11394274
7069151
15536836
14267188
16537077
6403638
2184834
9703051
13250679
12551737
2972426
1983552
3670911
9188645
4562422
2151650
5805588
6004449
6655522
13730344
15281357
13944023
10824709
12853303
9945363
11859714
7045967
8514476
6895660
7326705
13096523
4240972
14351246
301565
6972937
9876162
3375056
16103047
2333237
5175055
7290935
15013739
7695723
3348437
8468795
12709354
9327562
3249743
9165090
10092556
244967
6499263
800063
12798948
12149487
8468381
11753532
2948177
2192153
216394
13647127
7173431
15244041
7623892
4858552
10231858
4057808
16376956
10500573
4284255
4319564
3923688
6078951
14308552
4613584
3732595
3257745
3578008
15128302
12593089
9343247
975510
3886798
14092158
7743673
13336379
4790919
12731331
10269749
2361231
5285439
1375770
10163440
9807902
3424109
9412691
15489184
15199994
5656164
15405852
2027693
14574978
11812353
13992028
10858077
8437180
11602386
1107836
14689707
2069472
14013990
1843646
1542604
11630797
5572638
7061410
1438946
8077150
11265597
9433997
15302021
3420867
12663655
13002160
3544944
9263648
6403808
10862337
407519
996817
3699635
2313031
14751164
10932687
6308170
7420001
4861204
16008756
11612096
10712622
2260688
11013097
3485566
1498690
7783365
3999133
8974765
3006595
8067152
1448974
12634096
150759
3078047
501873
4083730
1686102
11000817
8851123
1758981
10806189
7772891
919219
8243166
6566466
1823041
7450221
7515250
7352433
10752832
6807055
15575342
14689839
176013
5117492
5966161
7299461
4437203
6850560
6669102
5120953
4574525
5838716
15194248
11088518
14970485
6380241
12971253
284093
4846061
14447948
13836490
15263498
4441415
4281463
16172359
8467617
12795239
11943817
15657115
7148486
9399287
8412938
14549529
15937725
11597833
2628901
14378207
855298
686630
768245
13205250
8128844
9703468
1489777
14538559
4142618
9936791
13351051
1291486
9077843
410010
12962243
10823568
11118506
5139271
12506896
12164477
14190541
6470868
6448941
2809019
12106944
10136938
10350261
8711237
4378051
2461009
12700764
8709525
2306322
9649444
15533108
8845451
1272418
8301227
8193024
8414656
1582257
3570254
6576642
14262182
1342566
2374583
11600693
5492207
12863296
15054933
8009211
11636232
2198590
11801173
5419018
10442273
9294370
12619979
14107403
6209481
6736793
3335005
10782782
3386516
3836761
6872019
2717728
15135013
12764836
3834898
11913316
14620013
14696701
5108798
12604765
12013002
519137
3333840
7345818
10169841
2618945
2000034
589298
15676533
5867971
8677997
6513571
16724539
3509056
3297822
16678433
3642236
4601677
11841634
10731871
10835199
8594085
11615740
7681507
8062035
16159295
308396
14033075
1671792
8112926
8835165
8004787
12716423
1813535
16161254
9645723
361073
10524018
15151186
8211708
5192928
3403110
874789
7858880
5326054
1051638
5522549
2842510
7089151
8829629
4884531
6147251
15980212
16523169
13268104
9824066
9583341
1028974
7705113
15961121
4523457
12400449
829025
8311461
8075176
6420956
8708552
9947310
2379058
14909483
15778124
9557938
10517090
16259047
3190644
273705
9505556
10201356
5888169
5085416
6194783
8528964
2811977
297926
15444403
4650471
8676530
1889895
14590209
15441675
14263446
15358869
432918
2165659
16443494
11869748
14936655
2408063
11399564
15167970
4757890
5157513
11321965
13857458
10248710
3340784
12124678
2110137
12732377
10517498
12858576
3267617
13508972
15192998
12762479
4759130
11691759
16721694
13066098
15424965
14699136
859553
2109408
25028
8004589
16378833
369793
2864236
2817388
12084181
2574458
15526632
6154246
6284745
11923228
13111215
3638037
4448453
6832124
7325050
7659915
15582153
9865363
7636995
14001307
12251661
1528629
4423425
15604751
7723432
7290121
12717917
7047975
12330030
11426848
13502245
12151598
14915895
3681522
11389433
3652083
8269464
215851
5004980
3766933
14697308
2286234
7278900
6457431
15914987
2123453
3846039
1388316
14058763
13254027
1979390
12015475
11726085
11807798
2412741
6749071
5707359
14484009
2669329
9601944
10487142
11799623
6721105
8040865
4492649
4462836
15205675
8026577
3531558
7478490
6641103
10411307
9439558
11564053
2513258
9224577
3479589
12995995
1118816
729419
933744
12704514
6770228
1962109
8803332
14202169
13535699
4955129
13403383
13043798
2505284
4677936
3238670
11260835
2162228
3790862
4096141
10168292
10890124
3819221
15802911
8459156
2119853
10531416
1228484
7863564
14103128
8206182
2086792
6394268
2267211
3504027
5493686
14264833
15500415
3185627
10864458
13722563
16701779
2603405
14948286
10112950
11380777
10445611
16474720
11503686
8744604
3191147
15473295
11517057
845157
1906768
9293985
4051343
14207509
7999659
3250918
5703530
16750095
8331429
6757915
4961420
9369421
1447937
16036439
14663924
8647356
12035134
275374
13604959
14790526
1770272
10673342
6708095
15191281
12757156
16130587
7983790
2845081
5605299
11539608
12843958
10700462
15153881
8433365
7795736
6761166
6535853
3585858
7718590
2892251
808824
10425088
1548922
10420055
6025463
12865040
16604973
5171792
11738649
3538879
9602249
7580006
12720839
15657662
9958720
2164577
1451092
13515643
3942912
13554929
3066395
3994148
5002249
12765411
9149896
8516705
16679385
3095587
14694665
689888
3238638
15599571
10040815
9226531
16324863
936698
3958546
4215141
4735944
15302527
1787545
2083928
6097903
12448818
13258467
13719766
15733512
8226945
12363263
6785821
1885376
15765556
8180453
11758929
10019829
14897411
5692696
15777630
12815615
5849122
14704046
11550414
3444509
13233618
8232283
12813483
16372009
3328811
16334364
8906571
15747749
3323468
7858462
6447796
6346907
13825143
8191555
8347098
6314534
10786376
10055052
4323054
11820062
598673
8420077
2274728
4747046
11890696
14859466
14750108
10460258
994242
12262914
8469317
9449543
15728475
13665799
5442899
8512559
924965
2268703
9424360
5948379
14460157
16171706
11405420
1845737
4844226
92482
15427453
14298872
14310879
7866128
16487264
5711447
10411178
6360039
13152124
7420154
16476193
633072
8867980
16130785
15562298
3442744
986818
411660
15469183
8025663
5070772
15564551
4023753
16038303
134845
5921088
3453154
9322747
15759134
2314215
11436810
9204511
7648845
8618148
435868
5288015
11362390
9969177
196835
15648687
10449991
8792851
8956878
592484
12142312
6500679
7338636
10708090
61989
9727599
6996837
16247320
9974959
15055484
705501
14073384
16467006
2089941
16403337
4439583
12411663
6278142
9778124
16184013
7032725
5280532
7510128
1497457
4261025
14716120
5073026
12347268
9716134
6456414
35888
5810428
14312384
3219188
3555523
642736
5383236
10257326
10090013
2016830
4401441
16309501
4534259
3812391
13300013
12139419
14650323
8759868
5828988
4077926
16105630
3962232
11595341
14133192
13264124
6328991
337939
5540680
2273465
3435190
10722394
10482122
1505327
12116362
8862683
6796706
12580895
1728288
5750668
8072986
12849286
1722253
12453555
8038435
9534269
2834473
985554
4372312
9263759
1743994
12511347
12958789
10180089
4603245
15589091
9129566
16257442
9033165
401075
11724504
16707667
11230500
4429421
13307475
2739804
7407313
3803887
994730
7644022
8890030
15722113
6858188
11942878
11563480
7005673
11225739
10401013
13168700
8832146
16537679
16241886
14602238
11541802
16616192
7075221
16772454
5971591
16638441
6092341
9130366
12437999
13607508
3897780
7726162
8130324
9914265
10805929
5074960
15863884
14681842
2036985
438808
11842850
7965698
8665653
12089242
16041342
5235983
8788662
14686604
12842609
577582
5750508
15612548
13004869
15258949
12143561
14287037
658337
4772339
2036680
12279838
6663839
930705
10967884
14820141
300711
6321339
8769900
9460312
2772553
7043854
14652393
3021316
14902490
14242558
11327419
7486006
12542246
10978578
7406207
9534032
13994055
15026193
12865809
1962720
4663580
6555301
1574362
12935653
7105495
3212693
5224155
5565881
10093256
11696082
6788402
3533984
3449088
15470310
12555291
12503902
9459124
11364518
2687048
2162050
9571563
5285006
7360494
13507589
7891711
5948601
7884762
15206081
12358768
15726572
4347407
16496341
14044453
1811506
1103309
2414617
4435674
16512987
16580692
3222669
11665499
5131822
11357405
16426672
8308961
13906826
13852395
3005397
8688981
14051284
3780736
6702957
15775852
700099
3961554
14187701
16585157
1193890
7585672
11636667
16122278
6967185
15972375
14254645
9073270
9055878
5227752
1544434
16053926
14507056
2269882
3961788
7283394
203361
5292534
2352921
6229116
844334
12092372
319355
2461941
2767897
16474938
5343909
5947471
12162951
7033956
3366904
3019101
8040693
14011404
1223462
421012
7614069
3677588
8201163
16527778
3163542
14503783
5687771
7782288
379128
5105856
7294713
1215647
5433266
52840
14596849
8556311
10302036
748331
13789440
2086754
16031236
3981458
4209803
16409044
6982779
4878723
2100873
997769
10625897
4360187
10343464
12976386
3830674
11303188
16465282
3663075
13444823
944928
12806264
12581091
41427
12228055
6818450
9216433
434046
16458833
9235019
1313100
5823484
7702368
14717770
11230285
12969769
4856245
6867798
3482446
5404345
6787128
6135417
4039292
1272947
10285357
163505
9052370
6826370
8031607
15363110
14347910
5701370
4357675
8815143
8972256
11117237
1350001
8885816
13578537
2393340
9491665
15610788
875228
3410798
2185128
4981820
14087925
7612868
3293180
2229835
439295
8784418
9620837
4824903
4614433
16057665
9730249
15574941
11098139
7889813
15866509
16675817
12819515
2431562
11899984
446876
8855021
12164143
8913011
2907993
1778584
9062949
9526335
201727
11460689
8439674
16011399
7339239
4298578
3627544
8825550
10265223
15205411
9089129
12371395
8541072
3191883
4907677
9175810
3180667
16747745
14878295
6292399
6181136
10592811
16255339
10442763
4705949
14492337
11518208
736345
7539056
1993821
2553592
1767261
5990116
12014568
12394035
2120941
2977136
14321678
2631378
9595227
16150140
1796731
7889036
5722168
6212899
8305346
3499012
3878914
14702645
11880105
4631931
1060386
349980
3728347
3659307
6538085
14286112
8641561
2308609
9759164
1654795
3515924
14495817
10910335
4286382
4741353
6397076
2919393
12872926
1453817
14932999
16414225
16570387
15807445
16431666
3680966
6047096
15968262
9213618
11692948
646886
7772664
14261778
6048281
14776871
165042
8328495
5057926
4927236
6951595
11027026
4853270
1388852
4594464
16621088
528032
8535323
6027696
5272785
3270628
4979930
5662224
8952449
9678731
15974201
9532584
11050760
16756630
7273129
3105585
13428651
604297
4025213
2727136
4947175
4679314
9661908
12162166
7429257
2577552
4893328
11353817
15529643
16233723
16744460
15794305
709458
2483435
8232272
9822183
10619783
11374402
8256513
13128138
3315809
15190008
13461461
16533514
3285096
5142869
957875
15989452
827255
10550586
15199697
3836190
14709034
299790
3317852
6125779
248416
13506017
9372199
728402
4579914
9239004
6452520
3948868
2042
7712987
3564170
13749718
6087102
12362749
3622038
10026768
5625264
10175498
1579560
3876796
5632352
13449927
2769250
6236970
3373622
13297967
13030280
9447095
13776862
11415007
15957047
9501058
2767208
15301199
16586667
16325464
6943177
13861562
10154823
1388239
10331783
16102776
1187647
11424403
10954315
2875537
4173927
7624592
6781201
4867488
14078718
6655680
4188001
9395
11774484
10151694
1406718
9100609
6971749
5319239
7135540
9571334
10810393
15398371
1442700
10826134
219070
14453422
12794649
2443701
2961613
1946742
4029192
10530883
4141198
4170453
12808285
14444026
1020165
9069223
1554894
9623349
13834658
5211643
13782874
11376334
1997891
15822871
16354680
15020304
1335823
11947143
1040008
2767942
10821261
9429592
14745915
5291987
12213482
10849851
5304754
14280332
19842
10475935
9266366
16583459
911256
80344
15207824
16250732
3306862
15234677
442377
12232846
7930542
4636316
16648464
14089617
4386562
6821140
5338163
9942689
5006111
1382994
2625788
7133200
16628621
3613682
11897412
7014896
4426906
9862345
6575503
1909477
16096141
8675738
16186243
8158052
3966869
2378580
4555658
12549943
2188940
11865553
10757977
15510265
11180131
6775058
1341081
12022596
4704252
8936260
7068744
4850656
6331071
5647920
4604628
4865581
2022156
3346857
5295225
778207
3101875
2472076
1775413
9875193
2415687
9777244
8041394
4613807
10892309
10780364
1760793
7226696
13848376
938932
12124159
4926587
1710323
15743103
6287680
5914783
16515853
3879838
8553151
160725
9022284
2454511
16712126
5867909
3871993
12914755
8474458
16043247
14438057
6157576
7261490
12005031
2863749
4928977
8525050
7988167
6764135
300144
8150377
242793
7522853
8125192
11087814
4768251
16279982
5533655
6829225
11209450
4278383
4105254
15825610
8859160
13426972
15387890
9018491
10305840
3965475
6280473
12530549
12894302
9061474
8559016
5276595
15145097
1495638
2180648
9654877
1512221
13027783
7360646
2232249
14126782
998211
11039843
2447244
10098703
13005120
2901546
4009291
13832022
15043989
7846308
5244878
14922756
10162985
1539686
7728525
4533665
2513652
11651374
5389112
6334087
8994311
7562109
7930736
4190120
6730313
10271038
66407
1552671
9161208
3432540
4985020
10507303
9663962
13121027
1485434
12125498
6680637
12984
1432683
15676091
2471367
15633145
4274849
6786940
9268339
4563388
15527117
12600079
11479585
5405052
2404960
14080474
11890857
3354399
4283319
10833301
5863154
16256268
9994150
10056770
12501538
14067489
10458174
4455524
1811951
11977372
1588304
9469328
725811
5493382
13751637
1467409
15755805
15827687
16184206
14674113
6474662
6114928
13219708
11437296
7888482
1988357
5761654
5770917
3682668
606624
12793704
1659403
11407757
16237140
6300177
9296245
5035842
277535
6708247
15916430
13815114
2608931
12000766
1563026
16602731
3181316
8593350
5617454
15596980
13928072
8053460
13615230
8318097
956402
3809027
1521913
13962809
6157529
9296802
4631827
3017618
13337695
1609850
1817188
6771128
15690197
1962042
4594503
9471287
1450510
11201484
7720240
2790086
4666331
15494883
2074966
10421161
3638100
5662260
16705813
14015890
1562710
10270500
34503
12477265
5514487
8811310
1820912
15668348
1015615
12053848
13745423
799212
15361209
1275780
14571463
6021223
13931797
173464
15717865
1632686
10107323
11914168
15432611
4037105
13008752
12527939
13897293
4473415
10203377
9598592
8286410
13023036
14416995
8760473
16040544
11728726
15313300
3197634
12409130
3577368
11131829
12849571
15476346
7127786
5933221
16591774
16657904
15937744
16177593
7826644
14011751
8376155
5272969
14306410
14424026
3568737
2240909
7177271
137049
12875134
15475666
5178520
9641055
10729041
3292197
7496382
3541778
49484
10981044
13060575
15594977
6017991
10240677
2902396
6057662
15897442
15046024
2520289
13334233
9491837
13354068
15617936
10103627
6804478
7359211
10718921
5404969
8568464
10042035
1995455
9812290
15568452
15899799
10521118
8541449
4700929
11941508
5666067
3984373
2875229
11543481
13048162
2565566
1029281
11964597
5860208
1837880
15638805
13402377
8933523
6138511
4479698
9300747
15811041
2152306
7068972
2715296
5117686
4860928
4232594
10974219
15590846
5316373
12935812
7386041
10798025
149729
4088405
9673547
15149601
9136338
16729257
8691211
4002288
1247530
6318327
7626198
5054579
7521240
8080629
6421042
11611571
3830283
16546910
7050526
7504696
2309824
8895983
135198
14059820
6271312
7523166
10933952
1397308
14691404
7552654
10395828
4893694
15664884
7741492
15422330
2468586
3412712
10093895
8270361
12718299
6565544
5124000
8614357
236796
13112506
10349819
3277513
12811291
1999048
5195133
12408808
3726691
10700169
9461357
2716677
5456125
4389845
5069798
3353934
2726546
8996096
10410012
2429807
13520274
12928348
332124
12552704
4833001
7018644
9153942
5718582
14375937
430758
8325141
519540
13382649
1852534
12148860
4301966
3697817
1328737
9306139
13854040
5598594
8300660
2972636
16199943
15405801
8150833
3365692
5553249
4473137
6835396
13221868
2582077
5373915
15769184
7080660
7631293
6760259
3700714
9101493
2533429
9524051
1253340
12844992
1915143
1482066
16107849
3787622
4277987
10472907
11159811
6158358
12477307
8371854
11856963
5037413
13525771
15190923
5286018
3392246
3528518
16175315
8776592
16047577
9323533
12290578
12272430
2345931
3370875
1910180
4197885
12387692
4498605
5574670
14940938
6132219
16572339
10751292
8291127
13649982
7449329
13973984
15989802
2182423
11412420
6734120
7795746
11480931
15744809
1359403
11954115
11628052
12618927
272243
7214535
11123644
3297140
5906261
803871
12004400
12158991
876759
4327800
3399477
16542421
13926875
4084553
3723837
6168667
5270279
4363245
6173044
5360206
2040073
4588306
2298823
8242842
3451593
15731348
10923850
1066104
266783
4556335
6812889
9206530
1422063
3915042
52116
15966143
13774190
13758766
13320161
15164883
1542609
4843285
12026235
15332051
14789258
11377836
11475367
5515924
9868568
16210751
7395974
3777180
11759452
10775716
7976369
2171306
10053304
1600882
9816452
244608
10399000
6795629
15216506
12388048
6433759
14105237
14804284
3046046
11804409
5643987
15700848
1279704
5347938
12954513
15815000
10328056
3044832
9047546
3828039
3472681
5647544
16456038
12308701
12709904
5416000
3532427
4605542
13436713
14171495
6144659
7620475
13409991
504292
7065917
6492368
2252722
16034820
482199
15133711
12593818
4575642
4362445
13453469
3593235
844824
2573900
3726118
4549511
9717710
9061391
16747316
7702947
16059189
14225791
10001564
5941124
3221825
14260810
3225341
6808669
712496
7220748
925478
1631973
5425922
1578679
6545572
10667574
2380517
4234769
13763594
2671236
7984984
9347797
5455821
10652947
7263598
13218998
9156168
15070860
10541768
5187642
4759642
2539128
4743325
3432199
6338120
11587025
3730246
13492181
3996196
11297284
2379124
15081575
7756946
760962
15130352
2239227
15051641
2839233
13509814
14855501
10000171
10714
13992394
12350535
10370709
16477315
10308315
16184250
7171693
3268476
