output/1000_unsorted.txt

4945270
9051280
6722411
3280589
4887775
6885142
2276362
3139288
4897433
6800111
13920731
1107100
3027752
3439520
2546469
4575331
1530912
1801891
6634770
16015115
13359317
249517
12954181
14710826
14378414
12301266
11585716
15298517
1746994
9129973
11082955
13887445
8056747
7910715
457683
11194166
8557964
11858997
15977741
4554641
9552043
12085554
1421977
8672816
3875581
10944648
12380999
13925386
1599326
9030591
14743542
13564252
16452198
16320058
9569841
13834418
4324251
6014671
1141643
14613641
6185577
1705255
474457
11765417
17798
1748864
2902274
14119071
14043277
3668992
10581794
4557084
15652346
2734825
2051472
4961827
3227291
14576228
4473435
6611790
6257542
15319629
14510702
4898400
12643110
3256571
2752834
2810811
4455637
4862926
3355268
1200558
467425
1229408
2061316
15476703
3877703
75985
2404165
16678315
127976
3401546
12771205
11394833
12580989
157073
6144217
11954800
6538270
13421743
14152358
590734
8315568
6531907
9225721
15733731
5676791
10725392
4476954
14722256
10274654
514749
5911403
6630808
9097744
12332185
9682802
16107774
8673180
14565182
4130437
5337165
16150348
9986280
11722601
11741450
1367234
9575867
16224675
15608666
15230861
11388988
11673393
12041240
1447946
11226701
12233047
2945058
7126931
3276481
5548059
12058430
3000212
14253274
14094724
5889535
12859915
9735993
12181545
8312246
4180824
2482563
3552753
15421823
15641078
11277762
1186521
14471969
10733598
13862761
8724992
16314720
13203037
12145341
10093019
15996548
14963524
218694
13416090
7973225
12642293
6578726
1021492
3833095
5912195
13513985
11410771
1574087
14552227
13472678
11455771
8883973
7065109
6747549
13964418
13976480
14984949
6205961
4459207
14253346
13269462
8665278
10426235
15551539
1322124
7397754
13963457
2372866
15324228
739360
1858691
7091191
12651224
2078860
6643569
15290996
6898347
12402533
1359809
3540096
3650957
885229
8192017
4602730
10151322
6625717
13249328
13628209
37684
12919558
6464715
15289578
9645004
3863369
8292631
16311742
598103
11549349
10171331
14405777
16343583
2887044
8285195
323273
4641674
15426513
9183302
6946618
20009
7780060
3094255
6036051
8247510
4180931
14954174
136934
16315514
3083248
8504594
8245533
2496151
11263918
14853394
6552369
15387806
14027105
8030318
2759975
3862920
9596236
10090064
4317299
14833385
15549525
12293550
7991054
16560024
15356259
5685961
9459301
10551766
1234050
6328791
7303992
9797399
13504352
1706629
8803890
7075371
12209411
2521447
15251291
2465870
14484972
16484550
9187052
3650460
10031580
11559036
4218356
2738639
16672247
13557124
5025670
5932784
7953002
14098885
2727587
1761637
7491220
1032009
7868357
6481753
9593475
3411336
9478927
11633014
5019831
2054302
15081383
14158764
14613992
11699932
5375118
672697
9583896
14853105
16771376
12898733
7128380
59879
11886405
9938295
14661114
16417903
1715538
8371352
7177901
9487397
14426669
5204080
6866573
7883993
16356947
2259138
3878762
13448635
1802782
8814700
4842773
7128191
6872412
11762475
9228566
2199259
8769573
3510339
3918884
9174012
3127234
15534055
16471726
2275077
11579113
13772394
1902999
12403562
4339152
6914873
16025688
2085419
14668944
10237593
6736339
6644203
11807803
641086
11887802
4715613
7256115
15352296
10750059
1063581
3609105
7887364
12113292
15143224
308688
7720435
5353115
2948734
6410907
10925924
4360632
5801944
14221564
4905630
10349565
1076231
10322528
2307647
11300321
6210310
13881733
7226863
3471504
3842049
6740460
9966083
14986451
3941638
10991632
15267091
8528617
4278129
13837813
9693340
2379827
4164139
764887
15813224
642066
14190860
14983305
1970481
2537492
3483030
5275310
13714491
14070598
11971174
10678822
4224776
16774070
14806058
8323075
4993154
13523908
9436361
232785
2277834
8298995
60637
16009183
15770050
7681008
7579510
15317818
7465879
14472509
15572019
3023684
3123362
1938584
3798876
13779402
3354733
15320964
9437036
6149433
10578865
6276992
10464216
1705798
1521042
5480407
3294096
16088997
10444201
15245640
2999354
7736390
2998336
4010505
2726238
2456722
170734
14150413
6645325
1466238
16421837
9192641
10338515
14638287
8924588
12956945
6483733
12444614
5124283
12763047
13127740
9880860
16671529
16169862
5925233
5220555
3485397
8434109
2398045
10306325
12957006
12507663
10026203
14703624
6280612
12805129
9924097
10573037
10250672
14126595
6473272
63049
4901920
1940577
9930088
2924268
10029784
11180390
4325438
8906040
2987875
8406156
2503874
8411468
13750297
7193820
3580
13253982
14822041
12878126
9840993
14610334
9030417
11062088
7277024
7130771
11878876
11313404
4891953
9953858
16588425
3429943
4704979
2156048
4289149
15501831
9375001
2901936
7918872
2760037
16584845
6953177
6660153
6055137
11225371
891496
344584
8617064
641847
12406482
4705968
12416989
1768199
12878495
11414161
14238768
12416820
6461015
13129914
13681866
12108182
9515052
10626543
10118457
11606532
7285590
5756667
405878
1904543
12790370
11763598
897988
9984696
14489191
6900563
11645817
3988467
4304599
7267597
15328817
16123993
11214188
13631997
807324
11569597
2130764
10139140
10963357
12438280
8043226
10367326
10808310
11727454
4794170
16583214
1232775
154444
13251382
5537716
13174625
6378858
6503711
4459857
6242569
459220
6795803
3299662
12444057
10745335
11043860
13016934
12317569
8798792
14976558
6869109
12764708
8349423
7649886
10939337
9811084
12862490
15843403
3261075
1801933
490251
6260997
3889566
1407317
10480117
3015281
9562828
3399346
9292956
7535288
4250532
10720643
11867989
3207974
3611007
7027789
1213404
12526676
15130834
14501419
8165257
11654455
8606913
1406041
3120756
766792
14101054
11119358
4650717
11486138
15379645
8255108
16091173
10647968
15647439
6823364
2233064
7911384
1039710
4458349
14166241
12505648
960338
12923765
7482181
11946125
10403366
6505342
14696170
3691556
65187
1386290
13086837
1437626
8879752
3691016
11089409
12634589
15825946
13645407
14609338
10252121
12047126
13756493
11490726
7962583
10129070
16488040
8343764
1699282
4205972
3746779
14128172
10064936
11425539
6576293
13819449
15050413
16241228
14785481
9893778
7889405
15079441
13196744
13593416
13101387
1772322
1293920
4750502
6822898
16541924
8178580
6735676
11497462
9387444
9354608
4421366
8006199
10102178
246604
2722475
9905383
7271663
13489196
16270881
1465202
6119141
11586670
13285977
3922432
950152
8611463
2521161
6666298
16506173
10063837
16160680
89207
3898533
11345040
13306001
605263
9196199
6419693
13783698
158454
8889017
3377227
4404867
9879837
7186860
5795809
12687437
2497260
12833546
8324207
6367855
13488145
4675909
16593215
7803395
5706601
8788904
7929436
16304760
7718943
13948872
7068451
7669427
16434760
15691594
2329373
4384037
14826815
9117899
1923134
1261435
4571191
11613097
8110552
9323739
5618444
16485343
15010815
1314503
12993749
9249746
13418970
12085552
391608
12152083
15327208
8815915
15353271
2400124
10664375
4865709
15369371
2967652
15245690
10890647
10756017
13980034
7242718
9853601
5045930
5157582
358555
1653149
2251941
1640901
14114263
1894481
6851110
14478734
6495937
13118882
1782499
16030240
8364781
13552407
15522107
15704044
8382635
3588086
12517136
15916063
11316996
6176638
3318851
8394825
15163552
14050895
6130694
1947185
15180089
14021581
4465886
8475120
13600129
12053158
13381052
14797871
14543128
5171993
16435197
15094752
12860466
4887033
1082993
12914311
2064055
8621233
11224277
13554384
1271644
1043857
6729772
2939848
2680120
15669945
14375384
146112
14401364
1501225
4667808
3023201
8963859
14545070
3022138
575192
1514918
12036295
13318370
5364130
2603752
11179184
14516797
990685
1750494
16308551
11562361
9096446
10638250
6471401
5005583
11033071
115433
16266676
13859901
13285349
2598502
11328592
7616111
5896209
3490665
15773992
3574278
10902545
11256149
2106165
4858921
10337906
5865617
6364874
8705519
6677545
9713244
4431143
6250566
7850310
4743487
10848446
8782931
9856740
6107016
12126169
2097132
15312150
2759900
8853534
1169208
16723117
14303997
7750574
1248095
1788263
13008731
8947275
10831597
2175988
8233180
12291973
8053431
16677480
13281823
7717032
4225799
15867751
4724580
6827035
6136047
13757039
5293530
7823946
12112615
7771131
6699017
8117176
3476485
5038772
9904532
4809763
11239149
5647957
3879435
12256374
15422801
8216911
6971877
14098955
5678732
5719228
6514568
15598138
14520603
15276550
10129270
392965
11636478
6327823
15756931
14379267
3038082
10559366
4616071
10466787
15667337
11522223
7757042
10848665
334129
6162356
12843421
13237626
15714554
