output/1000_insertion_sort.txt
1

3580
17798
20009
37684
59879
60637
63049
65187
75985
89207
115433
127976
136934
146112
154444
157073
158454
170734
218694
232785
246604
249517
308688
323273
334129
344584
358555
391608
392965
405878
457683
459220
467425
474457
490251
514749
575192
590734
598103
605263
641086
641847
642066
672697
739360
764887
766792
807324
885229
891496
897988
950152
960338
990685
1021492
1032009
1039710
1043857
1063581
1076231
1082993
1107100
1141643
1169208
1186521
1200558
1213404
1229408
1232775
1234050
1248095
1261435
1271644
1293920
1314503
1322124
1359809
1367234
1386290
1406041
1407317
1421977
1437626
1447946
1465202
1466238
1501225
1514918
1521042
1530912
1574087
1599326
1640901
1653149
1699282
1705255
1705798
1706629
1715538
1746994
1748864
1750494
1761637
1768199
1772322
1782499
1788263
1801891
1801933
1802782
1858691
1894481
1902999
1904543
1923134
1938584
1940577
1947185
1970481
2051472
2054302
2061316
2064055
2078860
2085419
2097132
2106165
2130764
2156048
2175988
2199259
2233064
2251941
2259138
2275077
2276362
2277834
2307647
2329373
2372866
2379827
2398045
2400124
2404165
2456722
2465870
2482563
2496151
2497260
2503874
2521161
2521447
2537492
2546469
2598502
2603752
2680120
2722475
2726238
2727587
2734825
2738639
2752834
2759900
2759975
2760037
2810811
2887044
2901936
2902274
2924268
2939848
2945058
2948734
2967652
2987875
2998336
2999354
3000212
3015281
3022138
3023201
3023684
3027752
3038082
3083248
3094255
3120756
3123362
3127234
3139288
3207974
3227291
3256571
3261075
3276481
3280589
3294096
3299662
3318851
3354733
3355268
3377227
3399346
3401546
3411336
3429943
3439520
3471504
3476485
3483030
3485397
3490665
3510339
3540096
3552753
3574278
3588086
3609105
3611007
3650460
3650957
3668992
3691016
3691556
3746779
3798876
3833095
3842049
3862920
3863369
3875581
3877703
3878762
3879435
3889566
3898533
3918884
3922432
3941638
3988467
4010505
4130437
4164139
4180824
4180931
4205972
4218356
4224776
4225799
4250532
4278129
4289149
4304599
4317299
4324251
4325438
4339152
4360632
4384037
4404867
4421366
4431143
4455637
4458349
4459207
4459857
4465886
4473435
4476954
4554641
4557084
4571191
4575331
4602730
4616071
4641674
4650717
4667808
4675909
4704979
4705968
4715613
4724580
4743487
4750502
4794170
4809763
4842773
4858921
4862926
4865709
4887033
4887775
4891953
4897433
4898400
4901920
4905630
4945270
4961827
4993154
5005583
5019831
5025670
5038772
5045930
5124283
5157582
5171993
5204080
5220555
5275310
5293530
5337165
5353115
5364130
5375118
5480407
5537716
5548059
5618444
5647957
5676791
5678732
5685961
5706601
5719228
5756667
5795809
5801944
5865617
5889535
5896209
5911403
5912195
5925233
5932784
6014671
6036051
6055137
6107016
6119141
6130694
6136047
6144217
6149433
6162356
6176638
6185577
6205961
6210310
6242569
6250566
6257542
6260997
6276992
6280612
6327823
6328791
6364874
6367855
6378858
6410907
6419693
6461015
6464715
6471401
6473272
6481753
6483733
6495937
6503711
6505342
6514568
6531907
6538270
6552369
6576293
6578726
6611790
6625717
6630808
6634770
6643569
6644203
6645325
6660153
6666298
6677545
6699017
6722411
6729772
6735676
6736339
6740460
6747549
6795803
6800111
6822898
6823364
6827035
6851110
6866573
6869109
6872412
6885142
6898347
6900563
6914873
6946618
6953177
6971877
7027789
7065109
7068451
7075371
7091191
7126931
7128191
7128380
7130771
7177901
7186860
7193820
7226863
7242718
7256115
7267597
7271663
7277024
7285590
7303992
7397754
7465879
7482181
7491220
7535288
7579510
7616111
7649886
7669427
7681008
7717032
7718943
7720435
7736390
7750574
7757042
7771131
7780060
7803395
7823946
7850310
7868357
7883993
7887364
7889405
7910715
7911384
7918872
7929436
7953002
7962583
7973225
7991054
8006199
8030318
8043226
8053431
8056747
8110552
8117176
8165257
8178580
8192017
8216911
8233180
8245533
8247510
8255108
8285195
8292631
8298995
8312246
8315568
8323075
8324207
8343764
8349423
8364781
8371352
8382635
8394825
8406156
8411468
8434109
8475120
8504594
8528617
8557964
8606913
8611463
8617064
8621233
8665278
8672816
8673180
8705519
8724992
8769573
8782931
8788904
8798792
8803890
8814700
8815915
8853534
8879752
8883973
8889017
8906040
8924588
8947275
8963859
9030417
9030591
9051280
9096446
9097744
9117899
9129973
9174012
9183302
9187052
9192641
9196199
9225721
9228566
9249746
9292956
9323739
9354608
9375001
9387444
9436361
9437036
9459301
9478927
9487397
9515052
9552043
9562828
9569841
9575867
9583896
9593475
9596236
9645004
9682802
9693340
9713244
9735993
9797399
9811084
9840993
9853601
9856740
9879837
9880860
9893778
9904532
9905383
9924097
9930088
9938295
9953858
9966083
9984696
9986280
10026203
10029784
10031580
10063837
10064936
10090064
10093019
10102178
10118457
10129070
10129270
10139140
10151322
10171331
10237593
10250672
10252121
10274654
10306325
10322528
10337906
10338515
10349565
10367326
10403366
10426235
10444201
10464216
10466787
10480117
10551766
10559366
10573037
10578865
10581794
10626543
10638250
10647968
10664375
10678822
10720643
10725392
10733598
10745335
10750059
10756017
10808310
10831597
10848446
10848665
10890647
10902545
10925924
10939337
10944648
10963357
10991632
11033071
11043860
11062088
11082955
11089409
11119358
11179184
11180390
11194166
11214188
11224277
11225371
11226701
11239149
11256149
11263918
11277762
11300321
11313404
11316996
11328592
11345040
11388988
11394833
11410771
11414161
11425539
11455771
11486138
11490726
11497462
11522223
11549349
11559036
11562361
11569597
11579113
11585716
11586670
11606532
11613097
11633014
11636478
11645817
11654455
11673393
11699932
11722601
11727454
11741450
11762475
11763598
11765417
11807803
11858997
11867989
11878876
11886405
11887802
11946125
11954800
11971174
12036295
12041240
12047126
12053158
12058430
12085552
12085554
12108182
12112615
12113292
12126169
12145341
12152083
12181545
12209411
12233047
12256374
12291973
12293550
12301266
12317569
12332185
12380999
12402533
12403562
12406482
12416820
12416989
12438280
12444057
12444614
12505648
12507663
12517136
12526676
12580989
12634589
12642293
12643110
12651224
12687437
12763047
12764708
12771205
12790370
12805129
12833546
12843421
12859915
12860466
12862490
12878126
12878495
12898733
12914311
12919558
12923765
12954181
12956945
12957006
12993749
13008731
13016934
13086837
13101387
13118882
13127740
13129914
13174625
13196744
13203037
13237626
13249328
13251382
13253982
13269462
13281823
13285349
13285977
13306001
13318370
13359317
13381052
13416090
13418970
13421743
13448635
13472678
13488145
13489196
13504352
13513985
13523908
13552407
13554384
13557124
13564252
13593416
13600129
13628209
13631997
13645407
13681866
13714491
13750297
13756493
13757039
13772394
13779402
13783698
13819449
13834418
13837813
13859901
13862761
13881733
13887445
13920731
13925386
13948872
13963457
13964418
13976480
13980034
14021581
14027105
14043277
14050895
14070598
14094724
14098885
14098955
14101054
14114263
14119071
14126595
14128172
14150413
14152358
14158764
14166241
14190860
14221564
14238768
14253274
14253346
14303997
14375384
14378414
14379267
14401364
14405777
14426669
14471969
14472509
14478734
14484972
14489191
14501419
14510702
14516797
14520603
14543128
14545070
14552227
14565182
14576228
14609338
14610334
14613641
14613992
14638287
14661114
14668944
14696170
14703624
14710826
14722256
14743542
14785481
14797871
14806058
14822041
14826815
14833385
14853105
14853394
14954174
14963524
14976558
14983305
14984949
14986451
15010815
15050413
15079441
15081383
15094752
15130834
15143224
15163552
15180089
15230861
15245640
15245690
15251291
15267091
15276550
15289578
15290996
15298517
15312150
15317818
15319629
15320964
15324228
15327208
15328817
15352296
15353271
15356259
15369371
15379645
15387806
15421823
15422801
15426513
15476703
15501831
15522107
15534055
15549525
15551539
15572019
15598138
15608666
15641078
15647439
15652346
15667337
15669945
15691594
15704044
15714554
15733731
15756931
15770050
15773992
15813224
15825946
15843403
15867751
15916063
15977741
15996548
16009183
16015115
16025688
16030240
16088997
16091173
16107774
16123993
16150348
16160680
16169862
16224675
16241228
16266676
16270881
16304760
16308551
16311742
16314720
16315514
16320058
16343583
16356947
16417903
16421837
16434760
16435197
16452198
16471726
16484550
16485343
16488040
16506173
16541924
16560024
16583214
16584845
16588425
16593215
16671529
16672247
16677480
16678315
16723117
16771376
16774070
