output/5000_unsorted.txt

4945270
9051280
6722411
3280589
4887775
6885142
2276362
3139288
4897433
6800111
13920731
1107100
3027752
3439520
2546469
4575331
1530912
1801891
6634770
16015115
13359317
249517
12954181
14710826
14378414
12301266
11585716
15298517
1746994
9129973
11082955
13887445
8056747
7910715
457683
11194166
8557964
11858997
15977741
4554641
9552043
12085554
1421977
8672816
3875581
10944648
12380999
13925386
1599326
9030591
14743542
13564252
16452198
16320058
9569841
13834418
4324251
6014671
1141643
14613641
6185577
1705255
474457
11765417
17798
1748864
2902274
14119071
14043277
3668992
10581794
4557084
15652346
2734825
2051472
4961827
3227291
14576228
4473435
6611790
6257542
15319629
14510702
4898400
12643110
3256571
2752834
2810811
4455637
4862926
3355268
1200558
467425
1229408
2061316
15476703
3877703
75985
2404165
16678315
127976
3401546
12771205
11394833
12580989
157073
6144217
11954800
6538270
13421743
14152358
590734
8315568
6531907
9225721
15733731
5676791
10725392
4476954
14722256
10274654
514749
5911403
6630808
9097744
12332185
9682802
16107774
8673180
14565182
4130437
5337165
16150348
9986280
11722601
11741450
1367234
9575867
16224675
15608666
15230861
11388988
11673393
12041240
1447946
11226701
12233047
2945058
7126931
3276481
5548059
12058430
3000212
14253274
14094724
5889535
12859915
9735993
12181545
8312246
4180824
2482563
3552753
15421823
15641078
11277762
1186521
14471969
10733598
13862761
8724992
16314720
13203037
12145341
10093019
15996548
14963524
218694
13416090
7973225
12642293
6578726
1021492
3833095
5912195
13513985
11410771
1574087
14552227
13472678
11455771
8883973
7065109
6747549
13964418
13976480
14984949
6205961
4459207
14253346
13269462
8665278
10426235
15551539
1322124
7397754
13963457
2372866
15324228
739360
1858691
7091191
12651224
2078860
6643569
15290996
6898347
12402533
1359809
3540096
3650957
885229
8192017
4602730
10151322
6625717
13249328
13628209
37684
12919558
6464715
15289578
9645004
3863369
8292631
16311742
598103
11549349
10171331
14405777
16343583
2887044
8285195
323273
4641674
15426513
9183302
6946618
20009
7780060
3094255
6036051
8247510
4180931
14954174
136934
16315514
3083248
8504594
8245533
2496151
11263918
14853394
6552369
15387806
14027105
8030318
2759975
3862920
9596236
10090064
4317299
14833385
15549525
12293550
7991054
16560024
15356259
5685961
9459301
10551766
1234050
6328791
7303992
9797399
13504352
1706629
8803890
7075371
12209411
2521447
15251291
2465870
14484972
16484550
9187052
3650460
10031580
11559036
4218356
2738639
16672247
13557124
5025670
5932784
7953002
14098885
2727587
1761637
7491220
1032009
7868357
6481753
9593475
3411336
9478927
11633014
5019831
2054302
15081383
14158764
14613992
11699932
5375118
672697
9583896
14853105
16771376
12898733
7128380
59879
11886405
9938295
14661114
16417903
1715538
8371352
7177901
9487397
14426669
5204080
6866573
7883993
16356947
2259138
3878762
13448635
1802782
8814700
4842773
7128191
6872412
11762475
9228566
2199259
8769573
3510339
3918884
9174012
3127234
15534055
16471726
2275077
11579113
13772394
1902999
12403562
4339152
6914873
16025688
2085419
14668944
10237593
6736339
6644203
11807803
641086
11887802
4715613
7256115
15352296
10750059
1063581
3609105
7887364
12113292
15143224
308688
7720435
5353115
2948734
6410907
10925924
4360632
5801944
14221564
4905630
10349565
1076231
10322528
2307647
11300321
6210310
13881733
7226863
3471504
3842049
6740460
9966083
14986451
3941638
10991632
15267091
8528617
4278129
13837813
9693340
2379827
4164139
764887
15813224
642066
14190860
14983305
1970481
2537492
3483030
5275310
13714491
14070598
11971174
10678822
4224776
16774070
14806058
8323075
4993154
13523908
9436361
232785
2277834
8298995
60637
16009183
15770050
7681008
7579510
15317818
7465879
14472509
15572019
3023684
3123362
1938584
3798876
13779402
3354733
15320964
9437036
6149433
10578865
6276992
10464216
1705798
1521042
5480407
3294096
16088997
10444201
15245640
2999354
7736390
2998336
4010505
2726238
2456722
170734
14150413
6645325
1466238
16421837
9192641
10338515
14638287
8924588
12956945
6483733
12444614
5124283
12763047
13127740
9880860
16671529
16169862
5925233
5220555
3485397
8434109
2398045
10306325
12957006
12507663
10026203
14703624
6280612
12805129
9924097
10573037
10250672
14126595
6473272
63049
4901920
1940577
9930088
2924268
10029784
11180390
4325438
8906040
2987875
8406156
2503874
8411468
13750297
7193820
3580
13253982
14822041
12878126
9840993
14610334
9030417
11062088
7277024
7130771
11878876
11313404
4891953
9953858
16588425
3429943
4704979
2156048
4289149
15501831
9375001
2901936
7918872
2760037
16584845
6953177
6660153
6055137
11225371
891496
344584
8617064
641847
12406482
4705968
12416989
1768199
12878495
11414161
14238768
12416820
6461015
13129914
13681866
12108182
9515052
10626543
10118457
11606532
7285590
5756667
405878
1904543
12790370
11763598
897988
9984696
14489191
6900563
11645817
3988467
4304599
7267597
15328817
16123993
11214188
13631997
807324
11569597
2130764
10139140
10963357
12438280
8043226
10367326
10808310
11727454
4794170
16583214
1232775
154444
13251382
5537716
13174625
6378858
6503711
4459857
6242569
459220
6795803
3299662
12444057
10745335
11043860
13016934
12317569
8798792
14976558
6869109
12764708
8349423
7649886
10939337
9811084
12862490
15843403
3261075
1801933
490251
6260997
3889566
1407317
10480117
3015281
9562828
3399346
9292956
7535288
4250532
10720643
11867989
3207974
3611007
7027789
1213404
12526676
15130834
14501419
8165257
11654455
8606913
1406041
3120756
766792
14101054
11119358
4650717
11486138
15379645
8255108
16091173
10647968
15647439
6823364
2233064
7911384
1039710
4458349
14166241
12505648
960338
12923765
7482181
11946125
10403366
6505342
14696170
3691556
65187
1386290
13086837
1437626
8879752
3691016
11089409
12634589
15825946
13645407
14609338
10252121
12047126
13756493
11490726
7962583
10129070
16488040
8343764
1699282
4205972
3746779
14128172
10064936
11425539
6576293
13819449
15050413
16241228
14785481
9893778
7889405
15079441
13196744
13593416
13101387
1772322
1293920
4750502
6822898
16541924
8178580
6735676
11497462
9387444
9354608
4421366
8006199
10102178
246604
2722475
9905383
7271663
13489196
16270881
1465202
6119141
11586670
13285977
3922432
950152
8611463
2521161
6666298
16506173
10063837
16160680
89207
3898533
11345040
13306001
605263
9196199
6419693
13783698
158454
8889017
3377227
4404867
9879837
7186860
5795809
12687437
2497260
12833546
8324207
6367855
13488145
4675909
16593215
7803395
5706601
8788904
7929436
16304760
7718943
13948872
7068451
7669427
16434760
15691594
2329373
4384037
14826815
9117899
1923134
1261435
4571191
11613097
8110552
9323739
5618444
16485343
15010815
1314503
12993749
9249746
13418970
12085552
391608
12152083
15327208
8815915
15353271
2400124
10664375
4865709
15369371
2967652
15245690
10890647
10756017
13980034
7242718
9853601
5045930
5157582
358555
1653149
2251941
1640901
14114263
1894481
6851110
14478734
6495937
13118882
1782499
16030240
8364781
13552407
15522107
15704044
8382635
3588086
12517136
15916063
11316996
6176638
3318851
8394825
15163552
14050895
6130694
1947185
15180089
14021581
4465886
8475120
13600129
12053158
13381052
14797871
14543128
5171993
16435197
15094752
12860466
4887033
1082993
12914311
2064055
8621233
11224277
13554384
1271644
1043857
6729772
2939848
2680120
15669945
14375384
146112
14401364
1501225
4667808
3023201
8963859
14545070
3022138
575192
1514918
12036295
13318370
5364130
2603752
11179184
14516797
990685
1750494
16308551
11562361
9096446
10638250
6471401
5005583
11033071
115433
16266676
13859901
13285349
2598502
11328592
7616111
5896209
3490665
15773992
3574278
10902545
11256149
2106165
4858921
10337906
5865617
6364874
8705519
6677545
9713244
4431143
6250566
7850310
4743487
10848446
8782931
9856740
6107016
12126169
2097132
15312150
2759900
8853534
1169208
16723117
14303997
7750574
1248095
1788263
13008731
8947275
10831597
2175988
8233180
12291973
8053431
16677480
13281823
7717032
4225799
15867751
4724580
6827035
6136047
13757039
5293530
7823946
12112615
7771131
6699017
8117176
3476485
5038772
9904532
4809763
11239149
5647957
3879435
12256374
15422801
8216911
6971877
14098955
5678732
5719228
6514568
15598138
14520603
15276550
10129270
392965
11636478
6327823
15756931
14379267
3038082
10559366
4616071
10466787
15667337
11522223
7757042
10848665
334129
6162356
12843421
13237626
15714554
4747558
9152769
12701301
10013654
12349330
6982074
5769390
1206943
6909803
16734839
7145506
6114686
2141935
5397583
1882543
8091953
11024382
10227116
12838353
16400709
983150
10048481
5681524
6460244
13912200
15716399
15100296
213461
489023
9418635
11990976
8841537
15548937
6502620
6766693
9601713
12958361
11593094
15383695
1326681
966594
15391637
2710583
6879127
5783542
16330448
7276836
5132850
1471495
2387498
2643513
15178175
2221560
14237708
10569781
7488910
8505115
15407445
11482017
9563000
6462367
3585080
3615081
12911026
9603187
8874489
5794531
8528318
5698475
10009768
15962746
15229445
2143585
10523528
6959674
10473530
3572970
11067826
11905909
2520857
7457631
16599216
7438783
960527
497307
6888450
16735105
14934015
2302721
10423584
1663099
8070898
1740308
7727975
1311776
8436220
14591519
4410487
12120263
16727269
14867344
13780287
6611614
5207117
10631361
8614219
7152735
3449960
11622956
9838819
14909455
15623487
4308892
11560749
8968261
543321
5412427
12499201
10311179
1402599
317936
11213000
8965845
11610695
10878132
3540249
15578028
7292083
16457034
9565595
9942416
7763039
14120105
1771875
12745893
4693977
11269135
12508550
7488772
9022274
4529989
12041054
3808925
369276
12427957
10258193
2303289
897855
13387856
5482024
5729177
4748970
4129107
7580896
2485540
2495154
4960400
15903195
641962
788047
11237258
9017635
13417550
15335837
14732766
7231315
1151474
15533919
4991221
7307069
8933968
8119780
29694
9853813
9003589
2482345
13799583
7953022
2505681
4811915
3973568
8993801
16164947
9065765
14543547
10241925
382032
9394401
4550130
14357815
2822093
10237098
11173725
1758696
5609579
2122145
352338
16317804
12323756
11875469
5799726
2284075
8668044
13723997
1636010
9905560
964606
7252038
14557425
1633543
5417694
9666890
4117913
16143398
15591132
16445677
6568096
5493341
8947846
16288614
5065355
10126302
8571372
4267928
9791406
14161602
14677268
8546559
7311835
6383054
4100749
2874264
10791163
2634384
4373712
4494712
10559355
9180377
8497918
6714592
14309868
14158138
1843316
3122986
16085572
11145625
1987982
4912449
15483728
9330205
16409815
5611578
11308697
13517147
11984822
8271361
7974035
2278064
11110016
4835493
5850460
13208417
2810778
6802555
14452170
10890438
6130718
15932294
11801659
10467083
3862477
8295968
4104266
14249565
14819570
5278859
11599237
2415146
16594053
2195721
12665658
6017903
9771466
9414071
8969110
8847658
8788458
12389807
2141882
8082499
6534939
6862825
14747022
15724203
5106632
551690
4684192
14917458
4099527
2803639
11712918
4447678
14930185
13528481
9218190
11311002
11689941
5503386
11907633
10733196
2924459
8835087
12788302
5445982
2683251
4448177
13720135
6556398
6801000
10181506
15017483
10694844
8688774
2642343
7747549
498
15567166
9805132
14360025
15647719
3327541
5191458
13558357
8686362
4823089
7942627
2778863
4359150
11676774
11199542
6384622
15412275
6757356
15282072
6582821
14024998
10867304
1716806
3929225
11199044
7594672
5607142
9174547
16411568
3255279
8833540
14086163
9807659
15883351
3256416
4815809
1247992
14274989
5212025
13647873
10198480
7328806
11302803
9300529
6008634
10725720
16308401
10345763
10790197
6053200
4591338
14931475
11668450
6045249
13952310
13416772
6500741
11239628
7533780
1237391
3343346
656486
6456425
9174592
3753829
6087966
11975154
1939098
1525146
7288887
3812160
7087938
12443443
3121391
15939707
7933706
306703
12671065
4350051
10649330
14088634
12625525
4909662
1884000
12596361
7277220
10627494
3496472
596222
4561364
2113480
10686427
3384516
11372329
8784200
189282
14961267
375080
1433731
13404873
1806776
14792578
15811680
722998
11472782
4340972
10051604
15268296
5614585
6127652
7956498
11296105
15215458
12938850
9359301
10431761
6667087
3895967
13607601
5938369
9772447
10921024
13781727
16311193
7552524
12416399
7632622
3172968
2134819
1597397
16498059
12429943
8167141
10183541
16373242
1120293
9194380
7011333
9552733
7942851
9830971
8533976
11336756
4245171
6600795
6976485
12189868
7477355
2000208
12303668
2198348
5361008
9201937
2647774
6879952
11323757
4022726
14071030
2404181
11183374
9781184
15126890
16426419
11482138
13826196
2789780
9463186
9825858
12580602
4206888
14368532
7649534
14426211
15955686
11627847
14205988
261248
7178084
5700650
9660347
10345805
10355720
12022029
4772312
1846663
15856314
612044
12473161
8651669
6870566
882619
529862
16218643
565423
4255347
8206779
2963049
13294690
13801037
9441793
621370
10128994
10517992
7682292
10686757
14628274
7718235
8522377
11954374
10362695
9325
14433049
1866322
811726
9804138
14098412
8276808
7956953
7699027
2155916
13823492
1138358
4842501
8147148
9182767
3969418
14536032
274660
13789486
4304857
6105256
9393197
9665342
14561668
9173441
6313585
12669709
16240150
3985347
6983661
14605663
1436243
1966315
12405752
12127165
5175226
7827208
8093002
11579796
3014242
69631
1161583
4954045
8100894
6021909
12559245
14939081
10308549
2406354
13477873
4177137
1698648
968697
1117233
8193462
11123001
12972766
14680013
7056404
8302646
13127145
10382861
6166116
14880206
8123830
9961418
8018721
6579119
1034495
12520617
14965279
74311
3759762
1402333
3946693
8262770
7050024
5461886
9618249
1397615
1992513
2171514
13480573
9876902
7596763
14657124
883907
7358896
1494418
8213413
10751007
12369610
12446077
14133501
9408699
14582812
13901361
5956562
14324941
16727858
3700982
6907724
2827828
12735886
7416186
12411298
420788
12856876
6728177
2070734
2817075
16326044
1333409
4522473
13442395
41687
4751927
15500590
14096693
4265137
5692929
10369481
3785684
4571830
9741412
9911179
1924098
2764704
6680507
8631055
5272140
14289821
13834722
2501095
6924337
10362351
590688
15019447
10015327
8589367
520213
15566447
16515244
15013173
1231407
16770086
13582219
10447616
273915
15455404
15373330
12801742
9834737
6382118
12736483
2480264
16524713
7946520
10126794
5093052
14782642
14559511
16596625
14569966
12216269
3691033
9468
9710563
8895386
5100182
1200422
4111895
16322710
15891778
13620154
7666506
6951946
3328444
12936119
2619917
1452925
12942590
6195915
10798726
15614728
9884210
7132536
5535693
719849
15706100
1443456
3232027
14077745
5698543
14414306
5772315
7587042
6421130
3876910
8039593
11268726
16680798
1141625
3078626
12961381
9606941
1391126
12399620
5039397
14932598
4136189
11145105
421776
4149742
11517924
6374914
4090597
6701076
7402307
9160282
13326363
4723974
13322082
12887364
249197
6471332
2948971
3622450
11218142
16330556
11935236
9101570
8282684
14731982
12890223
12103442
2527194
16249924
16477433
9955641
7844639
2400494
880377
5571700
16341076
7379467
5982328
3362559
16228236
3484309
4895668
15555260
6439450
6018359
4405839
15055113
14476859
5407792
3338012
8158083
2368473
16082552
6739232
12839933
13338415
12654618
13596482
16613308
3774151
778615
13163361
12719992
7288212
9355623
8442747
13876574
7157031
10594949
16145528
2500717
15463717
7312199
3950200
1197540
6074274
14571238
417798
14532232
2807112
6623315
1867234
7476107
176048
418925
9688129
1851245
9906802
5176608
11141581
9523956
11487418
13658373
807735
14695423
11001627
11316261
5956601
3979068
5067307
11729934
11069619
15903357
14777838
8072107
9134393
3840154
5780553
3560143
12156394
9878688
1162817
10726749
3636257
15325367
14424190
6958996
4972817
5641936
1154766
15339643
11983431
6747680
15346166
3595432
3354571
7832855
6972194
14347044
8797588
11499488
6202878
3187537
3189772
10493960
2191753
13883322
3335936
15798893
11150613
4540491
1230061
14322817
2035005
11931533
6985537
7135641
4766986
12203460
7796042
13484852
11035082
16752988
10014632
432044
782659
3948104
1577214
1709500
5604289
16378746
7699145
954095
15641235
12668768
16329813
6402502
16319424
6555182
15395967
9243104
2932159
5527851
7845192
15961132
5294730
6426730
6304791
6123138
14613308
5295000
1354945
3818351
2240903
16359602
14372800
5472634
7440772
10231585
15060710
15669713
1812736
14040384
3622151
7116497
11440641
16721999
16372795
11047668
9765979
9242983
12285161
7917245
5786059
1821496
10085696
12903648
14131892
11465282
12170394
3770348
4844389
14462876
7502564
2928998
8272959
15640480
10509740
4348785
729753
3825565
5248809
3415207
14513801
10463230
12765013
7723234
4723681
2527289
7421273
7699132
7894132
8727140
2343406
6692882
7920624
10037574
13998332
16375506
15925529
8835867
14161607
4378354
1613653
2867317
2671815
6622367
16261747
5912275
3160516
1112633
9437926
1851065
10969596
11945400
11554898
14672442
13918340
15996609
12017107
7852274
12216809
2252774
11821282
3109532
14170507
10294087
12304687
13129292
9345292
1229907
12732278
13117714
8660765
1996899
4732581
8443022
1335091
1183892
14567610
3334680
15591153
13898320
13420873
10921840
9292987
6190247
6291025
14851575
397102
9817809
3286465
769028
4075581
9691933
13337925
9849748
14407475
12854675
12441737
1374786
1951374
16362352
6285186
6357252
14523988
12728643
986601
1932835
3148750
11961755
12437564
1510776
5888084
13316659
11237522
11959615
13688236
9018117
6588040
2112006
14807305
5433316
10223562
11941872
9286148
12374479
7403049
2660865
8841268
6160578
13820703
3500481
7074812
16757333
13625799
10863702
1514965
6121422
14380961
10978178
132466
11259580
486771
14645327
15595710
5430385
8068619
10956765
5094812
15380915
9506632
8598714
8422719
8484748
1775007
1929904
993807
10976648
8246228
4517212
7991667
2477292
10818974
14283785
1642540
7447540
507035
13108537
9427733
15864042
16700263
8297742
5724161
15680086
8913123
15626041
8861531
4623788
7652726
13934138
15706456
14098310
14255148
11162873
921456
13148749
14819773
7117218
6010185
6486598
15199421
989773
4827415
12076047
998408
4851006
9095612
8214348
13874277
7637772
6337889
13143201
13951904
14919124
2069167
7529911
11617679
13828690
12952820
11266239
8295331
6025982
7941719
8432526
3646962
6540137
6790264
1752643
11954412
6415233
15976935
14588849
10844657
794753
14086289
10174151
9615575
3610734
9885244
15662538
4359255
760159
14669053
6305729
5790957
4148169
1673856
11955424
6238281
9122401
14346207
15784731
2714640
16667712
6591237
6336535
7606414
11160670
8929208
15725465
4730631
12173997
9606612
1005173
2231982
5576376
9714577
4854940
3138251
11577296
3056775
218573
3368331
8659988
4662990
6568860
6999936
4964444
13324229
5240760
12227577
5835118
11216338
9711738
16709574
11172078
14170539
3959270
11092247
16441600
2512999
980178
8078087
14911658
13652798
10953505
10802208
12076498
6429256
9872740
12290279
12792949
11531073
9670897
1425221
5118387
16363086
2364759
6496898
15477877
14896955
8833678
438826
10006513
15689437
4138208
8284999
4230317
9621315
4524371
4094747
13534396
10786785
133772
3399158
8122475
13531141
11336635
8196093
16183200
4508876
11169636
4289887
1433111
5279418
16066012
13092314
1330122
9283872
12044991
13001093
6939318
11445788
13685955
1184670
2531616
2305529
1196350
5884714
3922516
16247168
12379898
3249694
14279971
13453009
8139195
14792857
16540454
605295
4633720
3154853
11049776
10743038
2234979
451916
1199877
3347069
2854499
16197841
2102103
849324
9853426
4858324
15089679
981963
5597194
97374
5351744
2744831
10740124
2833682
10090187
4253028
10455959
14604326
11324633
6131551
3116764
2292915
9540247
16263829
7235687
4832403
8353855
13755002
1471207
1273227
4804301
1310951
3943053
16166455
1883943
2087572
14390947
10921319
8158236
13797414
11125557
3483840
9395635
10034903
15544395
16571872
4850699
11434706
922548
8965011
2771702
6506054
7924427
8761676
10740094
15260921
907646
12045467
15815820
6877438
5157971
12361950
16543406
11741477
16391752
11777080
8289227
2010563
271425
7082782
307271
927244
15620858
2776466
13620050
5271026
364800
10026103
6308546
8599076
16176840
5658992
16582253
12676243
8462078
9686292
598609
15061841
6694009
13599211
7887612
3648429
16310828
5593461
8154807
8759048
1754967
12285374
9851175
8328184
7522812
10399542
10002281
13771601
8755182
3100055
1949930
16386346
1389096
15419108
6924202
12114917
3308271
172390
867570
16228842
2416317
10792884
10011505
6660059
5169235
16606759
10234311
8621421
10121973
5829299
9191252
13798498
1256322
3560004
3219305
220413
8845215
9979529
3197770
10491598
5882980
13626108
388752
4108378
802987
6204745
15610925
3319469
14805751
10662054
12425884
5004686
7043995
15056294
8388950
9183462
14354602
16536681
11586445
10441641
3580669
11802373
3846224
4564696
2505970
12334570
13965849
12428303
10783458
4236896
4746960
8482903
5817689
10679857
6857301
7329883
6921854
14149225
2394507
11830650
7169573
8723437
11008459
238215
3276632
12304726
3075629
9584529
16665753
16273295
9980939
13072349
225000
12778535
15306887
3821822
14035156
15681887
9808451
8943412
3059085
15700340
14607708
947884
8137314
11875601
3026696
15443672
6531819
13415902
16760671
6115810
14719171
1451804
14933590
15580467
2801695
2665137
8002148
9594079
2725515
7211139
4910719
9285608
11874504
16657343
4971202
1717252
16642050
14495693
16476034
8544682
15156115
12646921
11891048
10541532
7029247
265447
1708460
15692442
13674338
5879545
7153967
3052842
9165533
3330393
2118528
7757055
6611171
15812314
8703135
4162293
7289133
5334364
9466714
11562926
3739628
11887349
11497338
5270781
1673888
3896846
5580673
6419138
12569591
5683380
13362877
8834506
2331805
1940388
16332576
12917006
15746717
7384039
3866455
1521087
6073744
3500142
9642307
7154677
12592947
1029657
4249379
2113258
2192567
14401457
493070
13858220
13849931
1471296
16007286
8972366
1917573
172870
2637207
1484450
1523569
6474180
9983476
16727425
9933541
5472224
9052482
9795408
6821475
454792
14051406
4360921
7790909
2325968
9440471
8391220
11979766
8324111
7591405
8259641
12133832
4188051
5153702
841518
7916902
1917040
1996290
8373902
14435079
2787416
3081350
11169859
15109442
386725
10642712
14333334
10982596
6047933
4994608
11173412
7878799
2845747
7518037
8904300
15286095
10145282
5828894
5206415
13854922
9256371
5882509
11249061
9860173
6116883
12204745
15752639
7496667
4819689
3212210
11700253
11677128
5201127
4865565
11720687
4325945
12906892
16755846
12692604
4703330
1554970
5848234
16771928
7787858
2464315
15220652
1657830
6895673
6575721
9275801
2579546
15128782
11952238
4575648
7541278
3543523
13233919
2030107
11632250
4949855
6449870
15150151
16036849
16649533
5986307
14472505
13239206
11019464
9167934
6506419
4792039
8254478
9461128
7373732
3406761
16120939
1286967
6443816
1626656
2962896
8335336
6224370
14606094
2423876
13734107
970787
2027334
6571498
12417564
5267606
11873345
11982121
5438159
12694673
8942067
9493525
9343421
15974981
9010802
5923883
10586377
5538305
3811503
9731777
606731
3269155
11514543
13551104
12053911
4953095
8559043
15744023
8171154
4464170
5510602
8064249
6076383
856431
3111844
12236786
15992837
16546257
15937567
15317502
11701440
2525943
2264880
7901870
2505112
8967631
4478294
2995153
3883656
10364407
3142397
3559136
10870941
3437699
13771726
903381
15179127
2138721
771812
14904837
3926775
3790094
11710589
4897412
2070285
15154654
12914246
11014067
15043915
5937205
16225697
794940
7826933
11310221
15705103
11595517
2043305
7576368
1272189
5033824
1046570
15433435
7055120
13182600
11778327
7805423
7109932
2678955
15979120
6656385
4909539
4419367
8788421
7245394
12329846
7010482
16060215
8145949
274016
11838084
2866233
13620215
7516231
2211570
11283276
8354263
9005094
11740565
5272904
4032660
12533517
10941259
8314327
12332400
6373736
3934896
216673
4495171
9720274
13799393
13250517
2795309
8040311
494316
3507503
7091897
9477657
2283600
15214214
5445129
4245423
7831960
2767406
13238872
7751201
12927853
1163329
6728416
8840477
1510233
4028750
3336789
9824348
16216694
11277899
10132543
9900234
6234099
5332974
11195552
11328308
1053188
11387350
10771564
7032476
2300583
7132828
9772443
14358988
15044914
10164978
11101988
2546872
9261331
3003726
15741010
14085695
10332964
3081088
4912371
264744
4867889
13991114
14842994
8452633
14687821
2698345
16338616
12825827
2611787
9909132
11872661
16409341
16575295
15064870
3585832
151473
7077285
9822101
3647993
12600652
1539696
13328253
11662924
14800126
15495159
2937574
9011506
1369467
5737388
9902306
1978296
502425
9051137
4890994
3622498
3305449
9213426
3081812
2151555
9750833
11678227
7457539
5403143
9067558
2082801
6754412
14327717
5058901
3433611
6813258
2666721
6088072
16442971
15942467
104504
6251987
5276580
167907
16588329
3507808
10230511
3006259
14291416
6191634
5203493
15571663
16650652
7877564
14505527
13530612
12680009
14724573
10857804
16155592
2536771
9483591
207681
8712313
14401022
7278625
7403429
14556666
11046691
12647783
9083476
6477331
2693481
2520678
9197529
8484178
7529992
6679101
13318380
15894386
13180682
8529973
8612892
3142301
6660757
15777803
7322310
14744004
15694573
8615760
5777253
10750523
14343416
7271733
14354496
9300471
4628829
12223326
6497044
131582
15024477
4071421
1025036
8154563
1173813
770498
12793153
9081024
16613503
1130994
7702166
6104633
2107678
16316018
12173775
6797190
15226952
1809290
2259007
8607739
3073336
10658523
12387849
16184435
13926514
2725768
14201916
10431943
1085193
7837241
7057399
1577498
12551562
15053440
6224348
13398351
12094237
10893141
5688633
1040050
8607663
16545423
10292554
6445701
3151012
2739828
16483604
11485921
8539334
15091497
11182962
6113479
9207361
15385676
12870828
1162329
3932042
13209697
2314985
1693146
15865941
11997553
3518727
14345626
4263165
1394122
10416703
6763995
15941189
15730533
16159552
511631
11756609
16031344
9857418
12057858
1209341
8155535
3070360
14568204
12227510
4079150
9441623
14338198
10768693
60304
14467830
10587124
15584410
13174081
1810807
14092371
10277649
15384880
11386356
16325888
2711220
11332996
5726991
1116223
601466
5936836
7207289
816676
15936062
12246737
10046813
13772013
11735513
1055918
2910852
12126927
8400094
4419810
14125254
14931582
16546379
15164348
349156
1507246
199631
793931
2673103
3303587
13523788
8994746
9339090
14347672
1190310
6037724
6930033
3799133
7714805
2247668
10612936
13645035
938995
9927862
3842272
7883357
7160869
5412000
7365648
740422
10413305
12851104
15043108
6624274
7095700
15665826
14598994
7841543
6175337
11479914
3483271
9051971
7328303
4376606
13259980
2020790
13659999
14690897
2333064
3596557
13099618
3639970
16739871
3636183
2846675
5946902
15394106
8066622
12014580
4707946
15277839
12575642
10564533
8933485
16140619
13672146
8065802
3690016
15531816
2687155
1617840
14661961
8231468
5336928
3041001
10032176
8103147
53832
12685141
13517469
3000949
6595338
12994104
628981
4540378
14233749
14315829
7897562
13321737
16622538
11712362
2905321
14239504
14719041
2922537
16349004
6084360
2560634
10280736
6590362
3609215
2851489
1554363
1201572
16698804
9753665
9867472
1931652
5740358
9133829
6070601
11731142
5009841
1356249
4986441
6848344
12405184
3989826
2817820
9562041
16763456
9170507
11506321
11543102
1377225
3996855
10850821
2788254
2896232
16585591
6895983
7238855
5765963
2409273
12083840
9042928
5840979
1432005
14687007
9737246
11268015
3249028
2948143
9624448
12097599
16649636
11111873
6666118
13309781
5740391
417194
460774
51911
9816073
5201615
9410781
5345910
4256845
1225941
13474679
11353430
15805984
2142119
78826
10710816
6161752
2397767
11409613
5905557
13602258
241556
9139866
5609554
11115650
10293621
5700978
2345856
1593540
703942
4191477
11672862
4883020
4383613
14418187
15717406
6672209
203736
1514714
6770342
14806940
9275094
10250623
15255271
815928
15475850
14309559
11371397
7176279
13253936
9105961
6929238
8657083
14551329
13401667
3802987
9426539
6987784
9535308
14313745
2433751
6725502
7142369
7780987
15371943
11305108
15953131
8509728
8719379
15615111
4901407
12131320
16743305
11304266
6265981
4375870
7296048
10735615
12094927
11812123
12252084
5143535
7207997
13767737
3832229
14427584
153678
2954628
13500200
507014
13076169
13411022
15265833
14929841
15708037
2296263
187589
8427577
7234218
12908360
5780120
2675407
3170906
3117718
3455953
13929944
9756807
11437055
3401988
15257992
5626441
16497995
6447921
2610703
7157000
518921
11268190
13284429
4471166
12961728
5438852
8070418
15990919
6479558
1376879
14620730
8097283
10166711
1015213
15809000
12459260
13410578
12588930
7998782
12527653
14899950
1649361
7556008
10635429
15290078
1191070
126149
8117764
11814270
7088800
6829532
2435658
1076449
9258550
669348
9871003
6736653
7102550
12782486
11406755
10196169
6623943
9854882
13508112
2546613
8221641
15957861
13244336
14269623
10215684
10070020
15283395
14817827
6419311
12494297
5785982
14881412
3985786
13600275
344681
3333367
8180845
2035341
11789772
2298127
15939255
5026529
7254890
11053661
8900256
4152721
11713724
4542933
1574087
9005323
655859
6985918
835578
15336580
3114273
6048525
7727937
7719874
1229405
5671956
9252230
4950576
5823022
13038452
3952234
1021995
473047
13443429
9106364
1519234
14315722
407642
4248935
4033129
3296375
10813293
16414684
14884064
5992090
12247925
6587784
9464984
3019529
15138389
10821360
5862716
10591662
1845612
2039856
11225930
6114737
12798771
10690380
13619154
13282854
5455073
6342727
14589699
15520696
412636
6477269
14691922
4698289
1371229
6695070
12767305
3323197
16228526
4699335
11327136
12662822
12846309
2658433
6922515
580332
16745750
9410032
2609371
8193697
5872062
6320095
15033826
3914952
6509878
10880279
2053827
4711743
1238142
1498627
9881973
2996897
15582516
15992832
11959957
14994672
5984733
2053309
11092843
918294
9913439
10364080
12973144
7799135
6087895
8674577
7728123
14915572
4582964
6815231
7859611
5652337
11735002
6300508
12983138
5677679
8922823
15699955
9400222
8597774
1874877
3599028
642159
5382214
3069699
12090815
12726894
7900819
3312327
16700413
10923969
5460671
12836410
15344198
11987303
6438477
991892
1600311
7106405
11022733
2001146
6537932
3436187
6746424
10112426
2839449
349733
12995313
4036705
15709134
6051467
15414328
123859
6823227
15965672
14155993
4290538
14428330
8826617
9270656
5059575
13814017
9794670
12577709
13964525
7618061
854351
7681906
15491407
6431206
4709842
818704
5757965
13645791
7913057
8980949
730491
858679
16302951
9052428
419303
3167590
13708563
4375134
2853482
11944148
7713036
5058185
2338425
1434367
16342168
12262899
14994371
14721143
14920855
11125443
1955071
8189610
11202583
9230633
15611676
11404220
15468636
5668714
14501552
7957853
5023724
3814475
8349101
14063701
7898639
6346035
13130211
4234347
14936600
12472169
6806568
5870547
10205461
2938257
5943568
14933641
1927627
11780930
16102139
1067948
8115148
201832
12481125
11757619
919843
11119166
10355742
14494444
8203499
11499129
11762152
12744700
14321740
16062665
10890490
5248618
150281
11556187
2259931
13342704
9834524
963770
14996817
14994716
2775342
5046786
4446372
16575783
1340087
2223538
16255998
3246541
6793317
3495587
7790406
9079301
6901847
513117
7226813
13752135
16105716
8467570
4533385
6930099
14733097
8115530
8682246
2295616
4451470
8705349
11659344
8669003
3193297
4706561
15254315
4868988
1888929
15577245
13438279
16403263
4757496
8155886
12743700
7731641
15925814
13178633
14132759
8647145
15482398
8287732
12852466
5860269
8292230
15803508
4266469
4509630
10939462
3940584
228083
3418744
10963537
7060240
11631166
16177460
16286188
13130959
14972977
12986158
1079484
7017326
13607993
15190310
12925983
7889727
3433722
7270690
6680747
13959866
13590230
2507695
2668531
11249726
12697900
4470983
9247401
210449
11826797
14559621
14081257
6153951
4472769
15040783
11618415
14230873
12416623
1797354
15678029
6669893
10647535
15660477
14569237
1080916
14805401
11723177
9748092
7324844
2980128
2198910
1400134
15450028
2742440
3298511
724143
5569226
5275323
9061277
8138928
4745252
5760726
13652673
3841627
13405833
6853823
6685964
7483301
7980360
10110743
9799290
12789849
6327828
861499
11206923
5453689
8013152
4740860
4681849
9386600
4230064
7514526
14043767
9499786
6461670
16470179
11137694
899232
8053232
2532776
14321316
31224
6063407
16166259
13439595
3680329
4809866
37733
13623525
13856302
6308163
12067580
1381557
6779659
9209531
12943019
7543314
7315162
7161854
14163339
11947684
11168347
10105541
4246882
11665431
12911794
1479907
7926119
10499474
10483009
7137818
11130614
13259232
7167795
5357267
844214
98350
1146460
1289943
14317206
16371719
3815451
6097378
9781672
10186798
6453082
6770024
13676793
6401727
1405411
14891812
12666548
12375119
16075878
3048979
12099684
10288007
6508997
1044460
561197
14793462
11520088
11085176
1758672
3454476
8284232
4190629
13504541
7634877
10885330
8023437
14620511
4683448
353261
5339880
12394899
8592725
14205878
4585897
15562862
14512645
8111513
3638988
16569280
7323633
874810
14284765
12447205
1131421
7278630
10322016
11384188
12781326
5683949
16077412
3031514
9601316
12093944
12568757
11660946
1729290
13955526
8195428
6898303
1564766
11697217
5962327
12301880
5245123
10786136
4221741
1508320
7064007
16396889
8019965
313028
9958217
6617930
5944927
7754621
11397641
6191591
11272465
4735942
6290675
3134718
1762788
16496843
4380160
12834620
5435313
10666927
6027341
10727022
2068933
1626398
11475997
99953
13137411
12521591
12254312
4048996
82414
2972401
7448508
12212022
203531
12141227
6846735
9386873
10491524
4329369
12479469
6914996
2013194
1545095
10953406
1414204
4777802
7760475
15792743
4229415
16119274
11170620
6536097
14273314
10870991
15219019
14106509
12325668
15589211
8865404
9272538
1783747
12821789
9943944
15168738
8304022
12093315
10780573
4635805
7451200
4494736
10800488
13806261
5714528
15826680
13910617
5557217
13284475
10542029
9009396
7165442
15252035
14994265
13626339
6554141
12126870
9512644
3340530
12150507
705373
11849343
4471461
10358460
6175139
2059405
1326382
12483599
14403217
13101042
3571971
6292125
7964202
16593646
13942958
11671178
2851562
14266549
776877
6546901
8222317
13556696
4623671
4443139
13237585
16599051
15157316
3908088
11378954
4487495
6895935
1073097
6997670
8119312
9665613
10306926
7193114
4091658
14213211
9593532
4044372
3583764
6220792
1572411
1443296
13527446
2569442
16425735
975625
9771697
5664271
16452891
11619053
13862131
11324576
12454348
12348988
8306422
8087228
16241986
15248372
12361232
14183058
4268598
7280204
8870584
6128196
6734011
6643932
2714540
12678930
12712713
13207432
11274117
1615932
9194909
11286358
9649095
12096571
7037407
329941
4406291
5120204
11809347
3144775
13610892
13880515
5380496
4816367
14944039
10978960
14449495
15253487
9094806
7243061
898178
673083
10883595
3200434
5749130
16469818
4800399
3156916
2057399
6913120
13269103
12330094
15851463
55658
8915454
2589302
16197119
15117764
3890575
12711375
15596823
13853822
6756656
9589813
8017275
1916219
5313524
11917330
14918661
13018772
10796423
10696906
4699257
2676693
11525388
6363340
6239276
11861671
6003207
10429470
11376520
12356357
808681
6742534
12705780
9286733
16259835
2271857
14763148
8513250
6062996
439027
2667236
10500977
1909356
15367043
11560577
16372380
3237759
2149910
16600936
5354571
13441244
71506
7310052
3010685
10751896
9629846
7309195
9640392
341100
3082714
15455312
8335471
1247055
2571658
8084660
15906085
5399838
11050565
5557738
3487549
12217552
6185561
1423335
13994302
11420631
15834578
14867002
8039879
11583058
10634918
4908356
13322385
1082234
10911588
12742535
7499106
13619947
5468221
3498398
11506049
16285733
2271819
12301712
7424038
524983
1313545
12196612
8251135
8854982
12448686
1418730
11009156
718653
13566336
12393842
4768375
11114377
14116763
12889662
4949579
4575999
5540934
13997471
2060286
12885325
2496555
15589881
6692724
12364679
3636034
9156603
14067014
5142488
6388816
11466594
8264615
14871227
9903604
16748052
15644874
14819441
16727466
9030041
1439236
6890595
2723681
873756
7843318
3862727
13148319
16006776
10034741
13442578
14580417
14511207
5433882
12508483
1454501
9173349
4883703
1135549
131137
13471742
15712758
16468981
5483631
3478441
15265
2282754
2160022
261793
9065035
9609014
2564439
462205
12226106
6813078
2212063
4548762
13503355
4530525
7610533
435665
14457952
16103871
12094968
10118552
3276520
4856996
8019723
1052084
7595268
14930127
12297929
15842078
3029933
509538
712081
4394791
12570833
11016221
5383204
10381365
15571790
11311552
12196616
73872
3031345
5068135
475864
897669
2106684
5524369
7552067
10259468
4601348
1920961
7510631
6003272
14223146
388130
1394603
1129578
11758450
16020462
15995359
8316811
8716056
11468935
2026529
314258
15140474
12838658
11282585
15122793
13888675
2792442
1163989
1209467
14202397
15170512
7629842
6835386
13836655
14734662
12494072
1662864
6182755
1966220
14984253
6853700
15691002
12143666
11810125
14420404
14130814
5601421
11677385
3620642
1095577
4061258
14527013
10934199
14384944
16027107
6500971
15543251
14617945
5663195
5378720
2398393
8344258
8967979
16177907
9173406
7587185
3399584
2807820
8020007
8025121
13574187
13444088
5347336
15082330
5112148
9837388
9242600
5200091
8770115
1524149
14808152
15603358
16461356
9703609
2713755
1493130
274621
5799400
16373924
10714179
11408567
12795538
8441349
1678488
5916784
4826257
11704500
7494285
11261775
876791
2165967
7595447
16448450
154338
7885848
6000114
12020359
14567891
8548019
16160877
1891345
1796047
74526
6217375
13254496
9981791
3579009
12889403
2631235
11334620
6964061
11078977
5589966
5340583
11088529
2386344
3907775
12735064
11522603
5334505
11720918
13288301
13819162
5956921
9197183
590297
3833249
6517689
15045323
12129929
8141908
398898
11187927
11399517
2233121
6288536
15020498
1177105
3956794
9743585
4234133
4441050
16442539
6065011
7289419
9777450
1201335
11997400
11536826
9153287
400884
14700577
1397215
10712298
15924726
9378551
6790624
597882
9303705
2864751
2157602
13523471
14217637
968712
11690593
4937501
7125301
11310086
2014285
9864517
956266
1526071
2680811
8592641
11289708
7014140
5728085
597788
2866775
485965
10942858
928188
10154322
5727889
9132106
10267885
8287663
16406291
7953397
12325679
3817556
6395318
8140036
12640588
8175839
8741814
5606852
7813650
13440905
5311538
14866687
5797529
5273261
12154623
14010197
7813625
12229746
2085760
4308799
11820869
6579023
6168454
14097079
16606159
10192640
1418307
4089710
6222388
12910175
3079054
972171
15132020
656173
11294621
12103169
12397993
15593664
10844980
15677193
12042644
5519640
13046259
13124590
16250967
5524145
6229539
1496585
11016037
5484552
10624337
1429930
6823871
214415
13171913
4551974
7874735
840411
16498632
10158598
15003559
2613481
12756106
1314437
1129268
15809550
11605691
4493036
247664
4634453
8774020
1116896
1740069
12607101
7282146
14379619
4781820
4278621
3852967
82478
899285
276485
2018653
2448502
9055803
11766137
8802930
2964183
2723699
1050144
6070809
12560664
1770988
14591265
281782
10649241
7062861
7134298
12218768
3447740
1288988
8282043
14695237
14508786
16159713
10372755
5044208
4685796
3162965
8458819
9263273
5317859
11971538
13458642
10088904
14589307
3273219
6871747
2881182
14586794
2200411
14960777
16529985
10010901
8799916
6307264
5355198
9140176
3498684
4214038
13933419
10274980
13367020
1552082
16313859
989404
10160876
12458749
10186995
6401946
10660199
3403233
10485838
3742504
14113447
2805843
10408106
2447847
1387079
94682
5305001
11040273
6987153
16305682
180027
9308079
13818301
895764
1850436
15882493
11921340
15358739
13577373
9903735
6297044
5904845
3332463
13930476
4514204
13076649
1513234
12910892
12190294
9809053
992043
11641788
13122525
14402009
4334176
3768570
4472149
12015127
10339858
10703776
5847918
13060264
16322367
4498273
14814348
14640940
1139685
14861867
5825653
14404343
4334683
149372
4132073
11466436
13822304
2999152
4794376
459857
1491477
10635773
16639750
4911460
10569430
762659
7974386
6716104
5249224
12738799
3454344
12772048
15500064
6826809
4743776
3135532
3639702
6566732
1117151
1272363
6409256
9772895
10705688
6366952
3252299
9276975
3777167
1655271
7324937
509703
15212086
3056790
5456464
10405369
16575170
13282142
5054318
11605677
2581160
14151387
11572383
13267274
4339312
9133006
10165914
3509247
11125846
5238724
16106077
4874411
7795216
11612003
13791591
8623302
11731044
452456
5669382
11610571
16308122
8369484
2740897
6326
11210431
11249131
158660
3962398
1330069
2477565
6142208
4860237
8392267
11544817
11881569
6374719
9140660
9127610
4315693
10631478
11188379
4407780
2722885
16711462
12350662
14782450
6399762
9121284
9882478
16159562
11029718
445382
1392816
14233897
6208454
9922213
14784711
14353682
14778124
9784842
1889058
8094988
13854338
3602418
11797291
5514432
12061826
14419436
2427461
11779608
12266511
15750919
3971859
4220072
767572
5069050
10669010
185539
12996223
1857394
14259016
1397236
5970951
11212445
15655729
13751277
13591887
13360336
1198931
13120178
2197189
3755016
3543489
16210053
3389217
14777574
9620027
9140264
431359
8051128
8305395
3569476
7324482
14352658
5907417
13380337
3649076
14705035
1552845
11077066
11490723
6986355
6125550
1232480
3710228
9625321
105587
15272198
14940843
13076707
1870695
14623307
5694190
9958568
12182048
6055844
9558321
919539
9033426
16473586
14998834
16695487
4141344
15658718
691324
15846705
3432770
16464275
5323197
6848265
14893247
1423289
5977717
2582010
15597845
1223397
14515796
6505706
9918365
792420
5334926
503750
13721507
2885639
599010
1305126
10374451
7624204
9227040
1722931
1902155
816691
8398309
12814590
2482978
16659052
4396733
5042194
10406411
499533
4163575
11088200
15257159
12022169
13925268
16155301
7452442
2156554
9807401
15971623
10566339
3463995
6030119
10299238
12023113
15338610
15831349
6119179
7324422
16089787
6169605
15199017
12400923
9799704
7859538
4250410
574190
10874226
10176369
16711701
15494378
13042462
2593522
10605297
14070414
786414
11321287
574987
14930472
1373090
16440245
6923282
12046316
11292725
7900808
2364613
15697579
7552498
7070933
13899896
15866054
12826272
1869946
11358240
9183645
6099366
