output/5000_quick_sort.txt
2

498
3580
6326
9325
9468
15265
17798
20009
29694
31224
37684
37733
41687
51911
53832
55658
59879
60304
60637
63049
65187
69631
71506
73872
74311
74526
75985
78826
82414
82478
89207
94682
97374
98350
99953
104504
105587
115433
123859
126149
127976
131137
131582
132466
133772
136934
146112
149372
150281
151473
153678
154338
154444
157073
158454
158660
167907
170734
172390
172870
176048
180027
185539
187589
189282
199631
201832
203531
203736
207681
210449
213461
214415
216673
218573
218694
220413
225000
228083
232785
238215
241556
246604
247664
249197
249517
261248
261793
264744
265447
271425
273915
274016
274621
274660
276485
281782
306703
307271
308688
313028
314258
317936
323273
329941
334129
341100
344584
344681
349156
349733
352338
353261
358555
364800
369276
375080
382032
386725
388130
388752
391608
392965
397102
398898
400884
405878
407642
412636
417194
417798
418925
419303
420788
421776
431359
432044
435665
438826
439027
445382
451916
452456
454792
457683
459220
459857
460774
462205
467425
473047
474457
475864
485965
486771
489023
490251
493070
494316
497307
499533
502425
503750
507014
507035
509538
509703
511631
513117
514749
518921
520213
524983
529862
543321
551690
561197
565423
574190
574987
575192
580332
590297
590688
590734
596222
597788
597882
598103
598609
599010
601466
605263
605295
606731
612044
621370
628981
641086
641847
641962
642066
642159
655859
656173
656486
669348
672697
673083
691324
703942
705373
712081
718653
719849
722998
724143
729753
730491
739360
740422
760159
762659
764887
766792
767572
769028
770498
771812
776877
778615
782659
786414
788047
792420
793931
794753
794940
802987
807324
807735
808681
811726
815928
816676
816691
818704
835578
840411
841518
844214
849324
854351
856431
858679
861499
867570
873756
874810
876791
880377
882619
883907
885229
891496
895764
897669
897855
897988
898178
899232
899285
903381
907646
918294
919539
919843
921456
922548
927244
928188
938995
947884
950152
954095
956266
960338
960527
963770
964606
966594
968697
968712
970787
972171
975625
980178
981963
983150
986601
989404
989773
990685
991892
992043
993807
998408
1005173
1015213
1021492
1021995
1025036
1029657
1032009
1034495
1039710
1040050
1043857
1044460
1046570
1050144
1052084
1053188
1055918
1063581
1067948
1073097
1076231
1076449
1079484
1080916
1082234
1082993
1085193
1095577
1107100
1112633
1116223
1116896
1117151
1117233
1120293
1129268
1129578
1130994
1131421
1135549
1138358
1139685
1141625
1141643
1146460
1151474
1154766
1161583
1162329
1162817
1163329
1163989
1169208
1173813
1177105
1183892
1184670
1186521
1190310
1191070
1196350
1197540
1198931
1199877
1200422
1200558
1201335
1201572
1206943
1209341
1209467
1213404
1223397
1225941
1229405
1229408
1229907
1230061
1231407
1232480
1232775
1234050
1237391
1238142
1247055
1247992
1248095
1256322
1261435
1271644
1272189
1272363
1273227
1286967
1288988
1289943
1293920
1305126
1310951
1311776
1313545
1314437
1314503
1322124
1326382
1326681
1330069
1330122
1333409
1335091
1340087
1354945
1356249
1359809
1367234
1369467
1371229
1373090
1374786
1376879
1377225
1381557
1386290
1387079
1389096
1391126
1392816
1394122
1394603
1397215
1397236
1397615
1400134
1402333
1402599
1405411
1406041
1407317
1414204
1418307
1418730
1421977
1423289
1423335
1425221
1429930
1432005
1433111
1433731
1434367
1436243
1437626
1439236
1443296
1443456
1447946
1451804
1452925
1454501
1465202
1466238
1471207
1471296
1471495
1479907
1484450
1491477
1493130
1494418
1496585
1498627
1501225
1507246
1508320
1510233
1510776
1513234
1514714
1514918
1514965
1519234
1521042
1521087
1523569
1524149
1525146
1526071
1530912
1539696
1545095
1552082
1552845
1554363
1554970
1564766
1572411
1574087
1574087
1577214
1577498
1593540
1597397
1599326
1600311
1613653
1615932
1617840
1626398
1626656
1633543
1636010
1640901
1642540
1649361
1653149
1655271
1657830
1662864
1663099
1673856
1673888
1678488
1693146
1698648
1699282
1705255
1705798
1706629
1708460
1709500
1715538
1716806
1717252
1722931
1729290
1740069
1740308
1746994
1748864
1750494
1752643
1754967
1758672
1758696
1761637
1762788
1768199
1770988
1771875
1772322
1775007
1782499
1783747
1788263
1796047
1797354
1801891
1801933
1802782
1806776
1809290
1810807
1812736
1821496
1843316
1845612
1846663
1850436
1851065
1851245
1857394
1858691
1866322
1867234
1869946
1870695
1874877
1882543
1883943
1884000
1888929
1889058
1891345
1894481
1902155
1902999
1904543
1909356
1916219
1917040
1917573
1920961
1923134
1924098
1927627
1929904
1931652
1932835
1938584
1939098
1940388
1940577
1947185
1949930
1951374
1955071
1966220
1966315
1970481
1978296
1987982
1992513
1996290
1996899
2000208
2001146
2010563
2013194
2014285
2018653
2020790
2026529
2027334
2030107
2035005
2035341
2039856
2043305
2051472
2053309
2053827
2054302
2057399
2059405
2060286
2061316
2064055
2068933
2069167
2070285
2070734
2078860
2082801
2085419
2085760
2087572
2097132
2102103
2106165
2106684
2107678
2112006
2113258
2113480
2118528
2122145
2130764
2134819
2138721
2141882
2141935
2142119
2143585
2149910
2151555
2155916
2156048
2156554
2157602
2160022
2165967
2171514
2175988
2191753
2192567
2195721
2197189
2198348
2198910
2199259
2200411
2211570
2212063
2221560
2223538
2231982
2233064
2233121
2234979
2240903
2247668
2251941
2252774
2259007
2259138
2259931
2264880
2271819
2271857
2275077
2276362
2277834
2278064
2282754
2283600
2284075
2292915
2295616
2296263
2298127
2300583
2302721
2303289
2305529
2307647
2314985
2325968
2329373
2331805
2333064
2338425
2343406
2345856
2364613
2364759
2368473
2372866
2379827
2386344
2387498
2394507
2397767
2398045
2398393
2400124
2400494
2404165
2404181
2406354
2409273
2415146
2416317
2423876
2427461
2433751
2435658
2447847
2448502
2456722
2464315
2465870
2477292
2477565
2480264
2482345
2482563
2482978
2485540
2495154
2496151
2496555
2497260
2500717
2501095
2503874
2505112
2505681
2505970
2507695
2512999
2520678
2520857
2521161
2521447
2525943
2527194
2527289
2531616
2532776
2536771
2537492
2546469
2546613
2546872
2560634
2564439
2569442
2571658
2579546
2581160
2582010
2589302
2593522
2598502
2603752
2609371
2610703
2611787
2613481
2619917
2631235
2634384
2637207
2642343
2643513
2647774
2658433
2660865
2665137
2666721
2667236
2668531
2671815
2673103
2675407
2676693
2678955
2680120
2680811
2683251
2687155
2693481
2698345
2710583
2711220
2713755
2714540
2714640
2722475
2722885
2723681
2723699
2725515
2725768
2726238
2727587
2734825
2738639
2739828
2740897
2742440
2744831
2752834
2759900
2759975
2760037
2764704
2767406
2771702
2775342
2776466
2778863
2787416
2788254
2789780
2792442
2795309
2801695
2803639
2805843
2807112
2807820
2810778
2810811
2817075
2817820
2822093
2827828
2833682
2839449
2845747
2846675
2851489
2851562
2853482
2854499
2864751
2866233
2866775
2867317
2874264
2881182
2885639
2887044
2896232
2901936
2902274
2905321
2910852
2922537
2924268
2924459
2928998
2932159
2937574
2938257
2939848
2945058
2948143
2948734
2948971
2954628
2962896
2963049
2964183
2967652
2972401
2980128
2987875
2995153
2996897
2998336
2999152
2999354
3000212
3000949
3003726
3006259
3010685
3014242
3015281
3019529
3022138
3023201
3023684
3026696
3027752
3029933
3031345
3031514
3038082
3041001
3048979
3052842
3056775
3056790
3059085
3069699
3070360
3073336
3075629
3078626
3079054
3081088
3081350
3081812
3082714
3083248
3094255
3100055
3109532
3111844
3114273
3116764
3117718
3120756
3121391
3122986
3123362
3127234
3134718
3135532
3138251
3139288
3142301
3142397
3144775
3148750
3151012
3154853
3156916
3160516
3162965
3167590
3170906
3172968
3187537
3189772
3193297
3197770
3200434
3207974
3212210
3219305
3227291
3232027
3237759
3246541
3249028
3249694
3252299
3255279
3256416
3256571
3261075
3269155
3273219
3276481
3276520
3276632
3280589
3286465
3294096
3296375
3298511
3299662
3303587
3305449
3308271
3312327
3318851
3319469
3323197
3327541
3328444
3330393
3332463
3333367
3334680
3335936
3336789
3338012
3340530
3343346
3347069
3354571
3354733
3355268
3362559
3368331
3377227
3384516
3389217
3399158
3399346
3399584
3401546
3401988
3403233
3406761
3411336
3415207
3418744
3429943
3432770
3433611
3433722
3436187
3437699
3439520
3447740
3449960
3454344
3454476
3455953
3463995
3471504
3476485
3478441
3483030
3483271
3483840
3484309
3485397
3487549
3490665
3495587
3496472
3498398
3498684
3500142
3500481
3507503
3507808
3509247
3510339
3518727
3540096
3540249
3543489
3543523
3552753
3559136
3560004
3560143
3569476
3571971
3572970
3574278
3579009
3580669
3583764
3585080
3585832
3588086
3595432
3596557
3599028
3602418
3609105
3609215
3610734
3611007
3615081
3620642
3622151
3622450
3622498
3636034
3636183
3636257
3638988
3639702
3639970
3646962
3647993
3648429
3649076
3650460
3650957
3668992
3680329
3690016
3691016
3691033
3691556
3700982
3710228
3739628
3742504
3746779
3753829
3755016
3759762
3768570
3770348
3774151
3777167
3785684
3790094
3798876
3799133
3802987
3808925
3811503
3812160
3814475
3815451
3817556
3818351
3821822
3825565
3832229
3833095
3833249
3840154
3841627
3842049
3842272
3846224
3852967
3862477
3862727
3862920
3863369
3866455
3875581
3876910
3877703
3878762
3879435
3883656
3889566
3890575
3895967
3896846
3898533
3907775
3908088
3914952
3918884
3922432
3922516
3926775
3929225
3932042
3934896
3940584
3941638
3943053
3946693
3948104
3950200
3952234
3956794
3959270
3962398
3969418
3971859
3973568
3979068
3985347
3985786
3988467
3989826
3996855
4010505
4022726
4028750
4032660
4033129
4036705
4044372
4048996
4061258
4071421
4075581
4079150
4089710
4090597
4091658
4094747
4099527
4100749
4104266
4108378
4111895
4117913
4129107
4130437
4132073
4136189
4138208
4141344
4148169
4149742
4152721
4162293
4163575
4164139
4177137
4180824
4180931
4188051
4190629
4191477
4205972
4206888
4214038
4218356
4220072
4221741
4224776
4225799
4229415
4230064
4230317
4234133
4234347
4236896
4245171
4245423
4246882
4248935
4249379
4250410
4250532
4253028
4255347
4256845
4263165
4265137
4266469
4267928
4268598
4278129
4278621
4289149
4289887
4290538
4304599
4304857
4308799
4308892
4315693
4317299
4324251
4325438
4325945
4329369
4334176
4334683
4339152
4339312
4340972
4348785
4350051
4359150
4359255
4360632
4360921
4373712
4375134
4375870
4376606
4378354
4380160
4383613
4384037
4394791
4396733
4404867
4405839
4406291
4407780
4410487
4419367
4419810
4421366
4431143
4441050
4443139
4446372
4447678
4448177
4451470
4455637
4458349
4459207
4459857
4464170
4465886
4470983
4471166
4471461
4472149
4472769
4473435
4476954
4478294
4487495
4493036
4494712
4494736
4495171
4498273
4508876
4509630
4514204
4517212
4522473
4524371
4529989
4530525
4533385
4540378
4540491
4542933
4548762
4550130
4551974
4554641
4557084
4561364
4564696
4571191
4571830
4575331
4575648
4575999
4582964
4585897
4591338
4601348
4602730
4616071
4623671
4623788
4628829
4633720
4634453
4635805
4641674
4650717
4662990
4667808
4675909
4681849
4683448
4684192
4685796
4693977
4698289
4699257
4699335
4703330
4704979
4705968
4706561
4707946
4709842
4711743
4715613
4723681
4723974
4724580
4730631
4732581
4735942
4740860
4743487
4743776
4745252
4746960
4747558
4748970
4750502
4751927
4757496
4766986
4768375
4772312
4777802
4781820
4792039
4794170
4794376
4800399
4804301
4809763
4809866
4811915
4815809
4816367
4819689
4823089
4826257
4827415
4832403
4835493
4842501
4842773
4844389
4850699
4851006
4854940
4856996
4858324
4858921
4860237
4862926
4865565
4865709
4867889
4868988
4874411
4883020
4883703
4887033
4887775
4890994
4891953
4895668
4897412
4897433
4898400
4901407
4901920
4905630
4908356
4909539
4909662
4910719
4911460
4912371
4912449
4937501
4945270
4949579
4949855
4950576
4953095
4954045
4960400
4961827
4964444
4971202
4972817
4986441
4991221
4993154
4994608
5004686
5005583
5009841
5019831
5023724
5025670
5026529
5033824
5038772
5039397
5042194
5044208
5045930
5046786
5054318
5058185
5058901
5059575
5065355
5067307
5068135
5069050
5093052
5094812
5100182
5106632
5112148
5118387
5120204
5124283
5132850
5142488
5143535
5153702
5157582
5157971
5169235
5171993
5175226
5176608
5191458
5200091
5201127
5201615
5203493
5204080
5206415
5207117
5212025
5220555
5238724
5240760
5245123
5248618
5248809
5249224
5267606
5270781
5271026
5272140
5272904
5273261
5275310
5275323
5276580
5278859
5279418
5293530
5294730
5295000
5305001
5311538
5313524
5317859
5323197
5332974
5334364
5334505
5334926
5336928
5337165
5339880
5340583
5345910
5347336
5351744
5353115
5354571
5355198
5357267
5361008
5364130
5375118
5378720
5380496
5382214
5383204
5397583
5399838
5403143
5407792
5412000
5412427
5417694
5430385
5433316
5433882
5435313
5438159
5438852
5445129
5445982
5453689
5455073
5456464
5460671
5461886
5468221
5472224
5472634
5480407
5482024
5483631
5484552
5493341
5503386
5510602
5514432
5519640
5524145
5524369
5527851
5535693
5537716
5538305
5540934
5548059
5557217
5557738
5569226
5571700
5576376
5580673
5589966
5593461
5597194
5601421
5604289
5606852
5607142
5609554
5609579
5611578
5614585
5618444
5626441
5641936
5647957
5652337
5658992
5663195
5664271
5668714
5669382
5671956
5676791
5677679
5678732
5681524
5683380
5683949
5685961
5688633
5692929
5694190
5698475
5698543
5700650
5700978
5706601
5714528
5719228
5724161
5726991
5727889
5728085
5729177
5737388
5740358
5740391
5749130
5756667
5757965
5760726
5765963
5769390
5772315
5777253
5780120
5780553
5783542
5785982
5786059
5790957
5794531
5795809
5797529
5799400
5799726
5801944
5817689
5823022
5825653
5828894
5829299
5835118
5840979
5847918
5848234
5850460
5860269
5862716
5865617
5870547
5872062
5879545
5882509
5882980
5884714
5888084
5889535
5896209
5904845
5905557
5907417
5911403
5912195
5912275
5916784
5923883
5925233
5932784
5936836
5937205
5938369
5943568
5944927
5946902
5956562
5956601
5956921
5962327
5970951
5977717
5982328
5984733
5986307
5992090
6000114
6003207
6003272
6008634
6010185
6014671
6017903
6018359
6021909
6025982
6027341
6030119
6036051
6037724
6045249
6047933
6048525
6051467
6053200
6055137
6055844
6062996
6063407
6065011
6070601
6070809
6073744
6074274
6076383
6084360
6087895
6087966
6088072
6097378
6099366
6104633
6105256
6107016
6113479
6114686
6114737
6115810
6116883
6119141
6119179
6121422
6123138
6125550
6127652
6128196
6130694
6130718
6131551
6136047
6142208
6144217
6149433
6153951
6160578
6161752
6162356
6166116
6168454
6169605
6175139
6175337
6176638
6182755
6185561
6185577
6190247
6191591
6191634
6195915
6202878
6204745
6205961
6208454
6210310
6217375
6220792
6222388
6224348
6224370
6229539
6234099
6238281
6239276
6242569
6250566
6251987
6257542
6260997
6265981
6276992
6280612
6285186
6288536
6290675
6291025
6292125
6297044
6300508
6304791
6305729
6307264
6308163
6308546
6313585
6320095
6327823
6327828
6328791
6336535
6337889
6342727
6346035
6357252
6363340
6364874
6366952
6367855
6373736
6374719
6374914
6378858
6382118
6383054
6384622
6388816
6395318
6399762
6401727
6401946
6402502
6409256
6410907
6415233
6419138
6419311
6419693
6421130
6426730
6429256
6431206
6438477
6439450
6443816
6445701
6447921
6449870
6453082
6456425
6460244
6461015
6461670
6462367
6464715
6471332
6471401
6473272
6474180
6477269
6477331
6479558
6481753
6483733
6486598
6495937
6496898
6497044
6500741
6500971
6502620
6503711
6505342
6505706
6506054
6506419
6508997
6509878
6514568
6517689
6531819
6531907
6534939
6536097
6537932
6538270
6540137
6546901
6552369
6554141
6555182
6556398
6566732
6568096
6568860
6571498
6575721
6576293
6578726
6579023
6579119
6582821
6587784
6588040
6590362
6591237
6595338
6600795
6611171
6611614
6611790
6617930
6622367
6623315
6623943
6624274
6625717
6630808
6634770
6643569
6643932
6644203
6645325
6656385
6660059
6660153
6660757
6666118
6666298
6667087
6669893
6672209
6677545
6679101
6680507
6680747
6685964
6692724
6692882
6694009
6695070
6699017
6701076
6714592
6716104
6722411
6725502
6728177
6728416
6729772
6734011
6735676
6736339
6736653
6739232
6740460
6742534
6746424
6747549
6747680
6754412
6756656
6757356
6763995
6766693
6770024
6770342
6779659
6790264
6790624
6793317
6795803
6797190
6800111
6801000
6802555
6806568
6813078
6813258
6815231
6821475
6822898
6823227
6823364
6823871
6826809
6827035
6829532
6835386
6846735
6848265
6848344
6851110
6853700
6853823
6857301
6862825
6866573
6869109
6870566
6871747
6872412
6877438
6879127
6879952
6885142
6888450
6890595
6895673
6895935
6895983
6898303
6898347
6900563
6901847
6907724
6909803
6913120
6914873
6914996
6921854
6922515
6923282
6924202
6924337
6929238
6930033
6930099
6939318
6946618
6951946
6953177
6958996
6959674
6964061
6971877
6972194
6976485
6982074
6983661
6985537
6985918
6986355
6987153
6987784
6997670
6999936
7010482
7011333
7014140
7017326
7027789
7029247
7032476
7037407
7043995
7050024
7055120
7056404
7057399
7060240
7062861
7064007
7065109
7068451
7070933
7074812
7075371
7077285
7082782
7087938
7088800
7091191
7091897
7095700
7102550
7106405
7109932
7116497
7117218
7125301
7126931
7128191
7128380
7130771
7132536
7132828
7134298
7135641
7137818
7142369
7145506
7152735
7153967
7154677
7157000
7157031
7160869
7161854
7165442
7167795
7169573
7176279
7177901
7178084
7186860
7193114
7193820
7207289
7207997
7211139
7226813
7226863
7231315
7234218
7235687
7238855
7242718
7243061
7245394
7252038
7254890
7256115
7267597
7270690
7271663
7271733
7276836
7277024
7277220
7278625
7278630
7280204
7282146
7285590
7288212
7288887
7289133
7289419
7292083
7296048
7303992
7307069
7309195
7310052
7311835
7312199
7315162
7322310
7323633
7324422
7324482
7324844
7324937
7328303
7328806
7329883
7358896
7365648
7373732
7379467
7384039
7397754
7402307
7403049
7403429
7416186
7421273
7424038
7438783
7440772
7447540
7448508
7451200
7452442
7457539
7457631
7465879
7476107
7477355
7482181
7483301
7488772
7488910
7491220
7494285
7496667
7499106
7502564
7510631
7514526
7516231
7518037
7522812
7529911
7529992
7533780
7535288
7541278
7543314
7552067
7552498
7552524
7556008
7576368
7579510
7580896
7587042
7587185
7591405
7594672
7595268
7595447
7596763
7606414
7610533
7616111
7618061
7624204
7629842
7632622
7634877
7637772
7649534
7649886
7652726
7666506
7669427
7681008
7681906
7682292
7699027
7699132
7699145
7702166
7713036
7714805
7717032
7718235
7718943
7719874
7720435
7723234
7727937
7727975
7728123
7731641
7736390
7747549
7750574
7751201
7754621
7757042
7757055
7760475
7763039
7771131
7780060
7780987
7787858
7790406
7790909
7795216
7796042
7799135
7803395
7805423
7813625
7813650
7823946
7826933
7827208
7831960
7832855
7837241
7841543
7843318
7844639
7845192
7850310
7852274
7859538
7859611
7868357
7874735
7877564
7878799
7883357
7883993
7885848
7887364
7887612
7889405
7889727
7894132
7897562
7898639
7900808
7900819
7901870
7910715
7911384
7913057
7916902
7917245
7918872
7920624
7924427
7926119
7929436
7933706
7941719
7942627
7942851
7946520
7953002
7953022
7953397
7956498
7956953
7957853
7962583
7964202
7973225
7974035
7974386
7980360
7991054
7991667
7998782
8002148
8006199
8013152
8017275
8018721
8019723
8019965
8020007
8023437
8025121
8030318
8039593
8039879
8040311
8043226
8051128
8053232
8053431
8056747
8064249
8065802
8066622
8068619
8070418
8070898
8072107
8078087
8082499
8084660
8087228
8091953
8093002
8094988
8097283
8100894
8103147
8110552
8111513
8115148
8115530
8117176
8117764
8119312
8119780
8122475
8123830
8137314
8138928
8139195
8140036
8141908
8145949
8147148
8154563
8154807
8155535
8155886
8158083
8158236
8165257
8167141
8171154
8175839
8178580
8180845
8189610
8192017
8193462
8193697
8195428
8196093
8203499
8206779
8213413
8214348
8216911
8221641
8222317
8231468
8233180
8245533
8246228
8247510
8251135
8254478
8255108
8259641
8262770
8264615
8271361
8272959
8276808
8282043
8282684
8284232
8284999
8285195
8287663
8287732
8289227
8292230
8292631
8295331
8295968
8297742
8298995
8302646
8304022
8305395
8306422
8312246
8314327
8315568
8316811
8323075
8324111
8324207
8328184
8335336
8335471
8343764
8344258
8349101
8349423
8353855
8354263
8364781
8369484
8371352
8373902
8382635
8388950
8391220
8392267
8394825
8398309
8400094
8406156
8411468
8422719
8427577
8432526
8434109
8436220
8441349
8442747
8443022
8452633
8458819
8462078
8467570
8475120
8482903
8484178
8484748
8497918
8504594
8505115
8509728
8513250
8522377
8528318
8528617
8529973
8533976
8539334
8544682
8546559
8548019
8557964
8559043
8571372
8589367
8592641
8592725
8597774
8598714
8599076
8606913
8607663
8607739
8611463
8612892
8614219
8615760
8617064
8621233
8621421
8623302
8631055
8647145
8651669
8657083
8659988
8660765
8665278
8668044
8669003
8672816
8673180
8674577
8682246
8686362
8688774
8703135
8705349
8705519
8712313
8716056
8719379
8723437
8724992
8727140
8741814
8755182
8759048
8761676
8769573
8770115
8774020
8782931
8784200
8788421
8788458
8788904
8797588
8798792
8799916
8802930
8803890
8814700
8815915
8826617
8833540
8833678
8834506
8835087
8835867
8840477
8841268
8841537
8845215
8847658
8853534
8854982
8861531
8865404
8870584
8874489
8879752
8883973
8889017
8895386
8900256
8904300
8906040
8913123
8915454
8922823
8924588
8929208
8933485
8933968
8942067
8943412
8947275
8947846
8963859
8965011
8965845
8967631
8967979
8968261
8969110
8972366
8980949
8993801
8994746
9003589
9005094
9005323
9009396
9010802
9011506
9017635
9018117
9022274
9030041
9030417
9030591
9033426
9042928
9051137
9051280
9051971
9052428
9052482
9055803
9061277
9065035
9065765
9067558
9079301
9081024
9083476
9094806
9095612
9096446
9097744
9101570
9105961
9106364
9117899
9121284
9122401
9127610
9129973
9132106
9133006
9133829
9134393
9139866
9140176
9140264
9140660
9152769
9153287
9156603
9160282
9165533
9167934
9170507
9173349
9173406
9173441
9174012
9174547
9174592
9180377
9182767
9183302
9183462
9183645
9187052
9191252
9192641
9194380
9194909
9196199
9197183
9197529
9201937
9207361
9209531
9213426
9218190
9225721
9227040
9228566
9230633
9242600
9242983
9243104
9247401
9249746
9252230
9256371
9258550
9261331
9263273
9270656
9272538
9275094
9275801
9276975
9283872
9285608
9286148
9286733
9292956
9292987
9300471
9300529
9303705
9308079
9323739
9330205
9339090
9343421
9345292
9354608
9355623
9359301
9375001
9378551
9386600
9386873
9387444
9393197
9394401
9395635
9400222
9408699
9410032
9410781
9414071
9418635
9426539
9427733
9436361
9437036
9437926
9440471
9441623
9441793
9459301
9461128
9463186
9464984
9466714
9477657
9478927
9483591
9487397
9493525
9499786
9506632
9512644
9515052
9523956
9535308
9540247
9552043
9552733
9558321
9562041
9562828
9563000
9565595
9569841
9575867
9583896
9584529
9589813
9593475
9593532
9594079
9596236
9601316
9601713
9603187
9606612
9606941
9609014
9615575
9618249
9620027
9621315
9624448
9625321
9629846
9640392
9642307
9645004
9649095
9660347
9665342
9665613
9666890
9670897
9682802
9686292
9688129
9691933
9693340
9703609
9710563
9711738
9713244
9714577
9720274
9731777
9735993
9737246
9741412
9743585
9748092
9750833
9753665
9756807
9765979
9771466
9771697
9772443
9772447
9772895
9777450
9781184
9781672
9784842
9791406
9794670
9795408
9797399
9799290
9799704
9804138
9805132
9807401
9807659
9808451
9809053
9811084
9816073
9817809
9822101
9824348
9825858
9830971
9834524
9834737
9837388
9838819
9840993
9849748
9851175
9853426
9853601
9853813
9854882
9856740
9857418
9860173
9864517
9867472
9871003
9872740
9876902
9878688
9879837
9880860
9881973
9882478
9884210
9885244
9893778
9900234
9902306
9903604
9903735
9904532
9905383
9905560
9906802
9909132
9911179
9913439
9918365
9922213
9924097
9927862
9930088
9933541
9938295
9942416
9943944
9953858
9955641
9958217
9958568
9961418
9966083
9979529
9980939
9981791
9983476
9984696
9986280
10002281
10006513
10009768
10010901
10011505
10013654
10014632
10015327
10026103
10026203
10029784
10031580
10032176
10034741
10034903
10037574
10046813
10048481
10051604
10063837
10064936
10070020
10085696
10088904
10090064
10090187
10093019
10102178
10105541
10110743
10112426
10118457
10118552
10121973
10126302
10126794
10128994
10129070
10129270
10132543
10139140
10145282
10151322
10154322
10158598
10160876
10164978
10165914
10166711
10171331
10174151
10176369
10181506
10183541
10186798
10186995
10192640
10196169
10198480
10205461
10215684
10223562
10227116
10230511
10231585
10234311
10237098
10237593
10241925
10250623
10250672
10252121
10258193
10259468
10267885
10274654
10274980
10277649
10280736
10288007
10292554
10293621
10294087
10299238
10306325
10306926
10308549
10311179
10322016
10322528
10332964
10337906
10338515
10339858
10345763
10345805
10349565
10355720
10355742
10358460
10362351
10362695
10364080
10364407
10367326
10369481
10372755
10374451
10381365
10382861
10399542
10403366
10405369
10406411
10408106
10413305
10416703
10423584
10426235
10429470
10431761
10431943
10441641
10444201
10447616
10455959
10463230
10464216
10466787
10467083
10473530
10480117
10483009
10485838
10491524
10491598
10493960
10499474
10500977
10509740
10517992
10523528
10541532
10542029
10551766
10559355
10559366
10564533
10566339
10569430
10569781
10573037
10578865
10581794
10586377
10587124
10591662
10594949
10605297
10612936
10624337
10626543
10627494
10631361
10631478
10634918
10635429
10635773
10638250
10642712
10647535
10647968
10649241
10649330
10658523
10660199
10662054
10664375
10666927
10669010
10678822
10679857
10686427
10686757
10690380
10694844
10696906
10703776
10705688
10710816
10712298
10714179
10720643
10725392
10725720
10726749
10727022
10733196
10733598
10735615
10740094
10740124
10743038
10745335
10750059
10750523
10751007
10751896
10756017
10768693
10771564
10780573
10783458
10786136
10786785
10790197
10791163
10792884
10796423
10798726
10800488
10802208
10808310
10813293
10818974
10821360
10831597
10844657
10844980
10848446
10848665
10850821
10857804
10863702
10867304
10870941
10870991
10874226
10878132
10880279
10883595
10885330
10890438
10890490
10890647
10893141
10902545
10911588
10921024
10921319
10921840
10923969
10925924
10934199
10939337
10939462
10941259
10942858
10944648
10953406
10953505
10956765
10963357
10963537
10969596
10976648
10978178
10978960
10982596
10991632
11001627
11008459
11009156
11014067
11016037
11016221
11019464
11022733
11024382
11029718
11033071
11035082
11040273
11043860
11046691
11047668
11049776
11050565
11053661
11062088
11067826
11069619
11077066
11078977
11082955
11085176
11088200
11088529
11089409
11092247
11092843
11101988
11110016
11111873
11114377
11115650
11119166
11119358
11123001
11125443
11125557
11125846
11130614
11137694
11141581
11145105
11145625
11150613
11160670
11162873
11168347
11169636
11169859
11170620
11172078
11173412
11173725
11179184
11180390
11182962
11183374
11187927
11188379
11194166
11195552
11199044
11199542
11202583
11206923
11210431
11212445
11213000
11214188
11216338
11218142
11224277
11225371
11225930
11226701
11237258
11237522
11239149
11239628
11249061
11249131
11249726
11256149
11259580
11261775
11263918
11266239
11268015
11268190
11268726
11269135
11272465
11274117
11277762
11277899
11282585
11283276
11286358
11289708
11292725
11294621
11296105
11300321
11302803
11304266
11305108
11308697
11310086
11310221
11311002
11311552
11313404
11316261
11316996
11321287
11323757
11324576
11324633
11327136
11328308
11328592
11332996
11334620
11336635
11336756
11345040
11353430
11358240
11371397
11372329
11376520
11378954
11384188
11386356
11387350
11388988
11394833
11397641
11399517
11404220
11406755
11408567
11409613
11410771
11414161
11420631
11425539
11434706
11437055
11440641
11445788
11455771
11465282
11466436
11466594
11468935
11472782
11475997
11479914
11482017
11482138
11485921
11486138
11487418
11490723
11490726
11497338
11497462
11499129
11499488
11506049
11506321
11514543
11517924
11520088
11522223
11522603
11525388
11531073
11536826
11543102
11544817
11549349
11554898
11556187
11559036
11560577
11560749
11562361
11562926
11569597
11572383
11577296
11579113
11579796
11583058
11585716
11586445
11586670
11593094
11595517
11599237
11605677
11605691
11606532
11610571
11610695
11612003
11613097
11617679
11618415
11619053
11622956
11627847
11631166
11632250
11633014
11636478
11641788
11645817
11654455
11659344
11660946
11662924
11665431
11668450
11671178
11672862
11673393
11676774
11677128
11677385
11678227
11689941
11690593
11697217
11699932
11700253
11701440
11704500
11710589
11712362
11712918
11713724
11720687
11720918
11722601
11723177
11727454
11729934
11731044
11731142
11735002
11735513
11740565
11741450
11741477
11756609
11757619
11758450
11762152
11762475
11763598
11765417
11766137
11777080
11778327
11779608
11780930
11789772
11797291
11801659
11802373
11807803
11809347
11810125
11812123
11814270
11820869
11821282
11826797
11830650
11838084
11849343
11858997
11861671
11867989
11872661
11873345
11874504
11875469
11875601
11878876
11881569
11886405
11887349
11887802
11891048
11905909
11907633
11917330
11921340
11931533
11935236
11941872
11944148
11945400
11946125
11947684
11952238
11954374
11954412
11954800
11955424
11959615
11959957
11961755
11971174
11971538
11975154
11979766
11982121
11983431
11984822
11987303
11990976
11997400
11997553
12014580
12015127
12017107
12020359
12022029
12022169
12023113
12036295
12041054
12041240
12042644
12044991
12045467
12046316
12047126
12053158
12053911
12057858
12058430
12061826
12067580
12076047
12076498
12083840
12085552
12085554
12090815
12093315
12093944
12094237
12094927
12094968
12096571
12097599
12099684
12103169
12103442
12108182
12112615
12113292
12114917
12120263
12126169
12126870
12126927
12127165
12129929
12131320
12133832
12141227
12143666
12145341
12150507
12152083
12154623
12156394
12170394
12173775
12173997
12181545
12182048
12189868
12190294
12196612
12196616
12203460
12204745
12209411
12212022
12216269
12216809
12217552
12218768
12223326
12226106
12227510
12227577
12229746
12233047
12236786
12246737
12247925
12252084
12254312
12256374
12262899
12266511
12285161
12285374
12290279
12291973
12293550
12297929
12301266
12301712
12301880
12303668
12304687
12304726
12317569
12323756
12325668
12325679
12329846
12330094
12332185
12332400
12334570
12348988
12349330
12350662
12356357
12361232
12361950
12364679
12369610
12374479
12375119
12379898
12380999
12387849
12389807
12393842
12394899
12397993
12399620
12400923
12402533
12403562
12405184
12405752
12406482
12411298
12416399
12416623
12416820
12416989
12417564
12425884
12427957
12428303
12429943
12437564
12438280
12441737
12443443
12444057
12444614
12446077
12447205
12448686
12454348
12458749
12459260
12472169
12473161
12479469
12481125
12483599
12494072
12494297
12499201
12505648
12507663
12508483
12508550
12517136
12520617
12521591
12526676
12527653
12533517
12551562
12559245
12560664
12568757
12569591
12570833
12575642
12577709
12580602
12580989
12588930
12592947
12596361
12600652
12607101
12625525
12634589
12640588
12642293
12643110
12646921
12647783
12651224
12654618
12662822
12665658
12666548
12668768
12669709
12671065
12676243
12678930
12680009
12685141
12687437
12692604
12694673
12697900
12701301
12705780
12711375
12712713
12719992
12726894
12728643
12732278
12735064
12735886
12736483
12738799
12742535
12743700
12744700
12745893
12756106
12763047
12764708
12765013
12767305
12771205
12772048
12778535
12781326
12782486
12788302
12789849
12790370
12792949
12793153
12795538
12798771
12801742
12805129
12814590
12821789
12825827
12826272
12833546
12834620
12836410
12838353
12838658
12839933
12843421
12846309
12851104
12852466
12854675
12856876
12859915
12860466
12862490
12870828
12878126
12878495
12885325
12887364
12889403
12889662
12890223
12898733
12903648
12906892
12908360
12910175
12910892
12911026
12911794
12914246
12914311
12917006
12919558
12923765
12925983
12927853
12936119
12938850
12942590
12943019
12952820
12954181
12956945
12957006
12958361
12961381
12961728
12972766
12973144
12983138
12986158
12993749
12994104
12995313
12996223
13001093
13008731
13016934
13018772
13038452
13042462
13046259
13060264
13072349
13076169
13076649
13076707
13086837
13092314
13099618
13101042
13101387
13108537
13117714
13118882
13120178
13122525
13124590
13127145
13127740
13129292
13129914
13130211
13130959
13137411
13143201
13148319
13148749
13163361
13171913
13174081
13174625
13178633
13180682
13182600
13196744
13203037
13207432
13208417
13209697
13233919
13237585
13237626
13238872
13239206
13244336
13249328
13250517
13251382
13253936
13253982
13254496
13259232
13259980
13267274
13269103
13269462
13281823
13282142
13282854
13284429
13284475
13285349
13285977
13288301
13294690
13306001
13309781
13316659
13318370
13318380
13321737
13322082
13322385
13324229
13326363
13328253
13337925
13338415
13342704
13359317
13360336
13362877
13367020
13380337
13381052
13387856
13398351
13401667
13404873
13405833
13410578
13411022
13415902
13416090
13416772
13417550
13418970
13420873
13421743
13438279
13439595
13440905
13441244
13442395
13442578
13443429
13444088
13448635
13453009
13458642
13471742
13472678
13474679
13477873
13480573
13484852
13488145
13489196
13500200
13503355
13504352
13504541
13508112
13513985
13517147
13517469
13523471
13523788
13523908
13527446
13528481
13530612
13531141
13534396
13551104
13552407
13554384
13556696
13557124
13558357
13564252
13566336
13574187
13577373
13582219
13590230
13591887
13593416
13596482
13599211
13600129
13600275
13602258
13607601
13607993
13610892
13619154
13619947
13620050
13620154
13620215
13623525
13625799
13626108
13626339
13628209
13631997
13645035
13645407
13645791
13647873
13652673
13652798
13658373
13659999
13672146
13674338
13676793
13681866
13685955
13688236
13708563
13714491
13720135
13721507
13723997
13734107
13750297
13751277
13752135
13755002
13756493
13757039
13767737
13771601
13771726
13772013
13772394
13779402
13780287
13781727
13783698
13789486
13791591
13797414
13798498
13799393
13799583
13801037
13806261
13814017
13818301
13819162
13819449
13820703
13822304
13823492
13826196
13828690
13834418
13834722
13836655
13837813
13849931
13853822
13854338
13854922
13856302
13858220
13859901
13862131
13862761
13874277
13876574
13880515
13881733
13883322
13887445
13888675
13898320
13899896
13901361
13910617
13912200
13918340
13920731
13925268
13925386
13926514
13929944
13930476
13933419
13934138
13942958
13948872
13951904
13952310
13955526
13959866
13963457
13964418
13964525
13965849
13976480
13980034
13991114
13994302
13997471
13998332
14010197
14021581
14024998
14027105
14035156
14040384
14043277
14043767
14050895
14051406
14063701
14067014
14070414
14070598
14071030
14077745
14081257
14085695
14086163
14086289
14088634
14092371
14094724
14096693
14097079
14098310
14098412
14098885
14098955
14101054
14106509
14113447
14114263
14116763
14119071
14120105
14125254
14126595
14128172
14130814
14131892
14132759
14133501
14149225
14150413
14151387
14152358
14155993
14158138
14158764
14161602
14161607
14163339
14166241
14170507
14170539
14183058
14190860
14201916
14202397
14205878
14205988
14213211
14217637
14221564
14223146
14230873
14233749
14233897
14237708
14238768
14239504
14249565
14253274
14253346
14255148
14259016
14266549
14269623
14273314
14274989
14279971
14283785
14284765
14289821
14291416
14303997
14309559
14309868
14313745
14315722
14315829
14317206
14321316
14321740
14322817
14324941
14327717
14333334
14338198
14343416
14345626
14346207
14347044
14347672
14352658
14353682
14354496
14354602
14357815
14358988
14360025
14368532
14372800
14375384
14378414
14379267
14379619
14380961
14384944
14390947
14401022
14401364
14401457
14402009
14403217
14404343
14405777
14407475
14414306
14418187
14419436
14420404
14424190
14426211
14426669
14427584
14428330
14433049
14435079
14449495
14452170
14457952
14462876
14467830
14471969
14472505
14472509
14476859
14478734
14484972
14489191
14494444
14495693
14501419
14501552
14505527
14508786
14510702
14511207
14512645
14513801
14515796
14516797
14520603
14523988
14527013
14532232
14536032
14543128
14543547
14545070
14551329
14552227
14556666
14557425
14559511
14559621
14561668
14565182
14567610
14567891
14568204
14569237
14569966
14571238
14576228
14580417
14582812
14586794
14588849
14589307
14589699
14591265
14591519
14598994
14604326
14605663
14606094
14607708
14609338
14610334
14613308
14613641
14613992
14617945
14620511
14620730
14623307
14628274
14638287
14640940
14645327
14657124
14661114
14661961
14668944
14669053
14672442
14677268
14680013
14687007
14687821
14690897
14691922
14695237
14695423
14696170
14700577
14703624
14705035
14710826
14719041
14719171
14721143
14722256
14724573
14731982
14732766
14733097
14734662
14743542
14744004
14747022
14763148
14777574
14777838
14778124
14782450
14782642
14784711
14785481
14792578
14792857
14793462
14797871
14800126
14805401
14805751
14806058
14806940
14807305
14808152
14814348
14817827
14819441
14819570
14819773
14822041
14826815
14833385
14842994
14851575
14853105
14853394
14861867
14866687
14867002
14867344
14871227
14880206
14881412
14884064
14891812
14893247
14896955
14899950
14904837
14909455
14911658
14915572
14917458
14918661
14919124
14920855
14929841
14930127
14930185
14930472
14931475
14931582
14932598
14933590
14933641
14934015
14936600
14939081
14940843
14944039
14954174
14960777
14961267
14963524
14965279
14972977
14976558
14983305
14984253
14984949
14986451
14994265
14994371
14994672
14994716
14996817
14998834
15003559
15010815
15013173
15017483
15019447
15020498
15024477
15033826
15040783
15043108
15043915
15044914
15045323
15050413
15053440
15055113
15056294
15060710
15061841
15064870
15079441
15081383
15082330
15089679
15091497
15094752
15100296
15109442
15117764
15122793
15126890
15128782
15130834
15132020
15138389
15140474
15143224
15150151
15154654
15156115
15157316
15163552
15164348
15168738
15170512
15178175
15179127
15180089
15190310
15199017
15199421
15212086
15214214
15215458
15219019
15220652
15226952
15229445
15230861
15245640
15245690
15248372
15251291
15252035
15253487
15254315
15255271
15257159
15257992
15260921
15265833
15267091
15268296
15272198
15276550
15277839
15282072
15283395
15286095
15289578
15290078
15290996
15298517
15306887
15312150
15317502
15317818
15319629
15320964
15324228
15325367
15327208
15328817
15335837
15336580
15338610
15339643
15344198
15346166
15352296
15353271
15356259
15358739
15367043
15369371
15371943
15373330
15379645
15380915
15383695
15384880
15385676
15387806
15391637
15394106
15395967
15407445
15412275
15414328
15419108
15421823
15422801
15426513
15433435
15443672
15450028
15455312
15455404
15463717
15468636
15475850
15476703
15477877
15482398
15483728
15491407
15494378
15495159
15500064
15500590
15501831
15520696
15522107
15531816
15533919
15534055
15543251
15544395
15548937
15549525
15551539
15555260
15562862
15566447
15567166
15571663
15571790
15572019
15577245
15578028
15580467
15582516
15584410
15589211
15589881
15591132
15591153
15593664
15595710
15596823
15597845
15598138
15603358
15608666
15610925
15611676
15614728
15615111
15620858
15623487
15626041
15640480
15641078
15641235
15644874
15647439
15647719
15652346
15655729
15658718
15660477
15662538
15665826
15667337
15669713
15669945
15677193
15678029
15680086
15681887
15689437
15691002
15691594
15692442
15694573
15697579
15699955
15700340
15704044
15705103
15706100
15706456
15708037
15709134
15712758
15714554
15716399
15717406
15724203
15725465
15730533
15733731
15741010
15744023
15746717
15750919
15752639
15756931
15770050
15773992
15777803
15784731
15792743
15798893
15803508
15805984
15809000
15809550
15811680
15812314
15813224
15815820
15825946
15826680
15831349
15834578
15842078
15843403
15846705
15851463
15856314
15864042
15865941
15866054
15867751
15882493
15883351
15891778
15894386
15903195
15903357
15906085
15916063
15924726
15925529
15925814
15932294
15936062
15937567
15939255
15939707
15941189
15942467
15953131
15955686
15957861
15961132
15962746
15965672
15971623
15974981
15976935
15977741
15979120
15990919
15992832
15992837
15995359
15996548
15996609
16006776
16007286
16009183
16015115
16020462
16025688
16027107
16030240
16031344
16036849
16060215
16062665
16066012
16075878
16077412
16082552
16085572
16088997
16089787
16091173
16102139
16103871
16105716
16106077
16107774
16119274
16120939
16123993
16140619
16143398
16145528
16150348
16155301
16155592
16159552
16159562
16159713
16160680
16160877
16164947
16166259
16166455
16169862
16176840
16177460
16177907
16183200
16184435
16197119
16197841
16210053
16216694
16218643
16224675
16225697
16228236
16228526
16228842
16240150
16241228
16241986
16247168
16249924
16250967
16255998
16259835
16261747
16263829
16266676
16270881
16273295
16285733
16286188
16288614
16302951
16304760
16305682
16308122
16308401
16308551
16310828
16311193
16311742
16313859
16314720
16315514
16316018
16317804
16319424
16320058
16322367
16322710
16325888
16326044
16329813
16330448
16330556
16332576
16338616
16341076
16342168
16343583
16349004
16356947
16359602
16362352
16363086
16371719
16372380
16372795
16373242
16373924
16375506
16378746
16386346
16391752
16396889
16400709
16403263
16406291
16409341
16409815
16411568
16414684
16417903
16421837
16425735
16426419
16434760
16435197
16440245
16441600
16442539
16442971
16445677
16448450
16452198
16452891
16457034
16461356
16464275
16468981
16469818
16470179
16471726
16473586
16476034
16477433
16483604
16484550
16485343
16488040
16496843
16497995
16498059
16498632
16506173
16515244
16524713
16529985
16536681
16540454
16541924
16543406
16545423
16546257
16546379
16560024
16569280
16571872
16575170
16575295
16575783
16582253
16583214
16584845
16585591
16588329
16588425
16593215
16593646
16594053
16596625
16599051
16599216
16600936
16606159
16606759
16613308
16613503
16622538
16639750
16642050
16649533
16649636
16650652
16657343
16659052
16665753
16667712
16671529
16672247
16677480
16678315
16680798
16695487
16698804
16700263
16700413
16709574
16711462
16711701
16721999
16723117
16727269
16727425
16727466
16727858
16734839
16735105
16739871
16743305
16745750
16748052
16752988
16755846
16757333
16760671
16763456
16770086
16771376
16771928
16774070
